1706865847690 29.74837875366211 0
1706865847812 36.02558135986328 1
1706865847902 29.031360626220703 2
1706865847982 26.56389808654785 3
1706865848087 28.0047664642334 4
1706865848162 32.36492919921875 5
1706865848234 27.362586975097656 6
1706865848305 25.196449279785156 7
1706865848375 31.54119110107422 8
1706865848445 29.696483612060547 9
1706865848515 25.945138931274414 10
1706865848586 23.75012969970703 11
1706865848654 28.74630355834961 12
1706865848726 28.88779067993164 13
1706865848796 25.000247955322266 14
1706865848868 27.857524871826172 15
1706865848938 28.154863357543945 16
1706865849008 27.047149658203125 17
1706865849079 30.879907608032227 18
1706865849148 22.777240753173828 19
1706865849219 22.31736183166504 20
1706865849289 23.656692504882812 21
1706865849358 31.107643127441406 22
1706865849429 31.941059112548828 23
1706865849498 31.490713119506836 24
1706865849568 30.810827255249023 25
1706865849638 25.96685791015625 26
1706865849709 21.45281219482422 27
1706865849779 23.652179718017578 28
1706865849848 27.577465057373047 29
1706865849920 28.880691528320312 30
1706865850049 26.019548416137695 31
1706865851361 17.264686584472656 0
1706865851436 29.270221710205078 2
1706865851506 25.483482360839844 4
1706865851579 25.979408264160156 6
1706865851649 29.852081298828125 8
1706865851720 17.846832275390625 10
1706865851790 23.95745849609375 12
1706865851859 25.419837951660156 14
1706865851928 18.59274673461914 16
1706865851997 19.862606048583984 18
1706865852066 20.486530303955078 20
1706865852134 24.784778594970703 22
1706865852203 23.78725814819336 24
1706865852272 24.374713897705078 26
1706865852342 22.60706329345703 28
1706865852410 21.692150115966797 30
1706865852480 22.273651123046875 32
1706865852553 25.325084686279297 34
1706865852622 21.06869125366211 36
1706865852691 28.746837615966797 38
1706865852761 20.322790145874023 40
1706865852833 27.77273941040039 42
1706865852906 20.477336883544922 44
1706865852977 18.978025436401367 46
1706865853049 23.390548706054688 48
1706865853120 20.833724975585938 50
1706865853190 24.467065811157227 52
1706865853259 21.783405303955078 54
1706865853329 16.515321731567383 56
1706865853398 23.267868041992188 58
1706865853468 22.689170837402344 60
1706865853515 21.160945892333984 62
1706865854927 18.642791748046875 0
1706865854999 24.838546752929688 3
1706865855073 16.47357177734375 6
1706865855143 15.1696138381958 9
1706865855214 20.763893127441406 12
1706865855285 22.540090560913086 15
1706865855357 19.087953567504883 18
1706865855428 22.37981414794922 21
1706865855499 25.749950408935547 24
1706865855571 14.081594467163086 27
1706865855642 20.50436019897461 30
1706865855714 15.245538711547852 33
1706865855784 18.49762725830078 36
1706865855855 17.541257858276367 39
1706865855925 18.226463317871094 42
1706865855995 18.068777084350586 45
1706865856064 25.63572883605957 48
1706865856133 20.627437591552734 51
1706865856203 16.627574920654297 54
1706865856273 16.089759826660156 57
1706865856342 28.738849639892578 60
1706865856412 23.623109817504883 63
1706865856483 22.72911834716797 66
1706865856551 24.612791061401367 69
1706865856622 19.081256866455078 72
1706865856693 20.939598083496094 75
1706865856762 16.812911987304688 78
1706865856831 23.712215423583984 81
1706865856903 14.30596923828125 84
1706865856972 20.176746368408203 87
1706865857045 19.345096588134766 90
1706865857134 19.223346710205078 93
1706865858466 19.707202911376953 0
1706865858535 23.371707916259766 4
1706865858605 19.148405075073242 8
1706865858676 24.3034610748291 12
1706865858747 18.672752380371094 16
1706865858818 18.835651397705078 20
1706865858889 24.32573890686035 24
1706865858980 17.58859634399414 28
1706865859056 12.612053871154785 32
1706865859126 21.32009506225586 36
1706865859198 21.74475860595703 40
1706865859267 20.387187957763672 44
1706865859337 21.854188919067383 48
1706865859407 16.894107818603516 52
1706865859478 19.545963287353516 56
1706865859549 16.82691192626953 60
1706865859620 20.975221633911133 64
1706865859691 19.696212768554688 68
1706865859763 20.305553436279297 72
1706865859833 18.452537536621094 76
1706865859903 16.38610076904297 80
1706865859972 19.321876525878906 84
1706865860042 15.181443214416504 88
1706865860111 17.586219787597656 92
1706865860182 19.40801239013672 96
1706865860254 16.520370483398438 100
1706865860323 17.626569747924805 104
1706865860391 18.098533630371094 108
1706865860460 16.940093994140625 112
1706865860530 19.891368865966797 116
1706865860599 19.14742660522461 120
1706865860645 12.379695892333984 124
1706865862198 22.017200469970703 0
1706865862270 16.02985191345215 5
1706865862341 20.197830200195312 10
1706865862411 16.271343231201172 15
1706865862492 14.753046035766602 20
1706865862563 22.010990142822266 25
1706865862634 18.111061096191406 30
1706865862706 11.112833976745605 35
1706865862777 16.54757308959961 40
1706865862852 14.057344436645508 45
1706865862924 13.431290626525879 50
1706865862996 16.067157745361328 55
1706865863093 14.5780668258667 60
1706865863164 14.568904876708984 65
1706865863236 14.523580551147461 70
1706865863308 15.217385292053223 75
1706865863378 16.014759063720703 80
1706865863449 16.235477447509766 85
1706865863520 14.659194946289062 90
1706865863589 15.990410804748535 95
1706865863658 10.18839168548584 100
1706865863726 11.183094024658203 105
1706865863796 12.986385345458984 110
1706865863865 16.874343872070312 115
1706865863934 15.906360626220703 120
1706865864003 14.535757064819336 125
1706865864072 16.023075103759766 130
1706865864142 9.520873069763184 135
1706865864211 16.76700782775879 140
1706865864284 13.04596996307373 145
1706865864353 15.054368019104004 150
1706865864399 16.496959686279297 155
1706865865751 13.488636016845703 0
1706865865841 12.42343521118164 6
1706865865940 11.187193870544434 12
1706865866019 16.55879783630371 18
1706865866110 17.867313385009766 24
1706865866182 18.000225067138672 30
1706865866254 15.23157024383545 36
1706865866325 13.687896728515625 42
1706865866396 15.48299789428711 48
1706865866471 13.190811157226562 54
1706865866541 11.643966674804688 60
1706865866611 15.748671531677246 66
1706865866682 13.991662979125977 72
1706865866752 15.871858596801758 78
1706865866823 12.488444328308105 84
1706865866895 16.897008895874023 90
1706865866965 9.926504135131836 96
1706865867051 13.516440391540527 102
1706865867120 14.417377471923828 108
1706865867190 11.254312515258789 114
1706865867262 14.2595853805542 120
1706865867330 13.602323532104492 126
1706865867401 17.103496551513672 132
1706865867472 11.74073600769043 138
1706865867541 10.415584564208984 144
1706865867611 12.31446647644043 150
1706865867682 17.9852352142334 156
1706865867752 10.65709400177002 162
1706865867821 13.111983299255371 168
1706865867892 11.192713737487793 174
1706865867962 12.106269836425781 180
1706865868009 14.349859237670898 186
1706865869438 13.968127250671387 0
1706865869509 10.596315383911133 7
1706865869581 11.379362106323242 14
1706865869650 10.486270904541016 21
1706865869722 13.098745346069336 28
1706865869791 13.806217193603516 35
1706865869861 9.629779815673828 42
1706865869933 11.855297088623047 49
1706865870005 11.20927619934082 56
1706865870076 12.579171180725098 63
1706865870148 10.906206130981445 70
1706865870217 13.816313743591309 77
1706865870289 12.450399398803711 84
1706865870359 12.31673812866211 91
1706865870431 10.356969833374023 98
1706865870521 6.036263465881348 105
1706865870591 9.96076488494873 112
1706865870661 9.118257522583008 119
1706865870731 15.890960693359375 126
1706865870804 11.827081680297852 133
1706865870875 8.027889251708984 140
1706865870946 13.276498794555664 147
1706865871015 13.317861557006836 154
1706865871084 12.735702514648438 161
1706865871154 11.928803443908691 168
1706865871226 11.807999610900879 175
1706865871297 9.38424015045166 182
1706865871367 12.675745964050293 189
1706865871438 13.59740161895752 196
1706865871507 14.828115463256836 203
1706865871577 13.96390438079834 210
1706865871624 17.738149642944336 217
1706865873042 14.063226699829102 0
1706865873115 18.76541519165039 8
1706865873190 8.941935539245605 16
1706865873262 18.834924697875977 24
1706865873334 10.06226634979248 32
1706865873406 8.737662315368652 40
1706865873478 12.34146499633789 48
1706865873549 14.557104110717773 56
1706865873621 13.899127960205078 64
1706865873692 9.911643981933594 72
1706865873764 9.454578399658203 80
1706865873834 8.111310005187988 88
1706865873904 14.471174240112305 96
1706865873974 13.502982139587402 104
1706865874045 11.308808326721191 112
1706865874115 13.781058311462402 120
1706865874185 11.891958236694336 128
1706865874256 9.467710494995117 136
1706865874327 12.050943374633789 144
1706865874398 10.928363800048828 152
1706865874469 9.78852653503418 160
1706865874541 11.128401756286621 168
1706865874640 8.722967147827148 176
1706865874710 13.538379669189453 184
1706865874781 9.96027660369873 192
1706865874852 9.084113121032715 200
1706865874923 11.114256858825684 208
1706865874996 11.478275299072266 216
1706865875067 10.852312088012695 224
1706865875138 13.215580940246582 232
1706865875209 11.73954963684082 240
1706865875256 20.68857765197754 248
1706865876692 10.509098052978516 0
1706865876762 12.046313285827637 9
1706865876835 10.792401313781738 18
1706865876903 14.448434829711914 27
1706865876975 10.7738037109375 36
1706865877044 11.410543441772461 45
1706865877115 14.175311088562012 54
1706865877187 10.343554496765137 63
1706865877257 10.215503692626953 72
1706865877326 11.8381929397583 81
1706865877397 9.187541961669922 90
1706865877466 10.875259399414062 99
1706865877539 10.79373550415039 108
1706865877612 10.193042755126953 117
1706865877684 8.728273391723633 126
1706865877754 11.233074188232422 135
1706865877823 10.078641891479492 144
1706865877892 10.351511001586914 153
1706865877963 11.704620361328125 162
1706865878034 8.259732246398926 171
1706865878104 13.991964340209961 180
1706865878174 12.465742111206055 189
1706865878246 10.847878456115723 198
1706865878317 9.146929740905762 207
1706865878388 10.095961570739746 216
1706865878458 7.802659034729004 225
1706865878528 13.26577377319336 234
1706865878598 10.881591796875 243
1706865878669 10.191767692565918 252
1706865878739 8.063228607177734 261
1706865878808 9.299535751342773 270
1706865878854 21.61683464050293 279
1706865880283 10.842399597167969 0
1706865880357 10.155715942382812 10
1706865880490 10.334810256958008 20
1706865880562 12.291284561157227 30
1706865880634 8.927848815917969 40
1706865880704 10.478328704833984 50
1706865880775 7.6363983154296875 60
1706865880847 9.676864624023438 70
1706865880920 10.036148071289062 80
1706865880993 10.615678787231445 90
1706865881063 11.36308479309082 100
1706865881135 8.802061080932617 110
1706865881206 7.308223247528076 120
1706865881278 10.449169158935547 130
1706865881350 13.811910629272461 140
1706865881421 9.08587646484375 150
1706865881491 9.677597045898438 160
1706865881561 9.472199440002441 170
1706865881633 11.10220718383789 180
1706865881705 10.502031326293945 190
1706865881776 12.111093521118164 200
1706865881847 8.499767303466797 210
1706865881918 12.534749031066895 220
1706865881990 11.556636810302734 230
1706865882061 8.662729263305664 240
1706865882184 12.862115859985352 250
1706865882256 11.813343048095703 260
1706865882326 9.800841331481934 270
1706865882399 14.574824333190918 280
1706865882469 14.758949279785156 290
1706865882540 11.529909133911133 300
1706865882588 11.182099342346191 310
