1706865847672 29.74837875366211 0
1706865847804 36.02558135986328 1
1706865847893 29.031360626220703 2
1706865847973 26.56389808654785 3
1706865848079 28.0047664642334 4
1706865848153 32.36492919921875 5
1706865848225 27.362586975097656 6
1706865848297 25.196449279785156 7
1706865848367 31.54119110107422 8
1706865848437 29.696483612060547 9
1706865848507 25.945138931274414 10
1706865848577 23.75012969970703 11
1706865848646 28.74630355834961 12
1706865848717 28.88779067993164 13
1706865848788 25.000247955322266 14
1706865848860 27.857524871826172 15
1706865848930 28.154863357543945 16
1706865849000 27.047149658203125 17
1706865849070 30.879907608032227 18
1706865849139 22.777240753173828 19
1706865849210 22.31736183166504 20
1706865849280 23.656692504882812 21
1706865849350 31.107643127441406 22
1706865849421 31.941059112548828 23
1706865849489 31.490713119506836 24
1706865849559 30.810827255249023 25
1706865849629 25.96685791015625 26
1706865849701 21.45281219482422 27
1706865849770 23.652179718017578 28
1706865849840 27.577465057373047 29
1706865849911 28.880691528320312 30
1706865850041 26.019548416137695 31
1706865850092 27.1411075592041 0
1706865850131 28.861370086669922 0
1706865850170 28.324068069458008 0
1706865850211 19.86591148376465 0
1706865850248 22.88958740234375 0
1706865850289 23.548866271972656 0
1706865850330 22.70663070678711 0
1706865850368 30.728797912597656 0
1706865850406 27.358341217041016 0
1706865850448 24.733341217041016 0
1706865850486 22.458147048950195 0
1706865850525 24.486371994018555 0
1706865850565 23.17538833618164 0
1706865850603 26.300384521484375 0
1706865850640 19.392623901367188 0
1706865850681 32.074066162109375 0
1706865850719 27.175382614135742 0
1706865850757 29.73788833618164 0
1706865850798 24.233341217041016 0
1706865850835 28.20057487487793 0
1706865850873 34.17235565185547 0
1706865850914 25.456634521484375 0
1706865850951 26.705123901367188 0
1706865850989 22.52216339111328 0
1706865851029 24.86288070678711 0
1706865851067 26.673866271972656 0
1706865851104 26.550384521484375 0
1706865851145 24.461179733276367 0
1706865851183 27.611370086669922 0
1706865851220 26.798870086669922 0
1706865851261 22.98788070678711 0
1706865851284 27.231834411621094 0
1706865851352 17.264686584472656 0
1706865851427 29.270221710205078 2
1706865851497 25.483482360839844 4
1706865851569 25.979408264160156 6
1706865851640 29.852081298828125 8
1706865851711 17.846832275390625 10
1706865851781 23.95745849609375 12
1706865851850 25.419837951660156 14
1706865851919 18.59274673461914 16
1706865851989 19.862606048583984 18
1706865852057 20.486530303955078 20
1706865852125 24.784778594970703 22
1706865852194 23.78725814819336 24
1706865852264 24.374713897705078 26
1706865852333 22.60706329345703 28
1706865852401 21.692150115966797 30
1706865852470 22.273651123046875 32
1706865852545 25.325084686279297 34
1706865852613 21.06869125366211 36
1706865852682 28.746837615966797 38
1706865852752 20.322790145874023 40
1706865852824 27.77273941040039 42
1706865852895 20.477336883544922 44
1706865852969 18.978025436401367 46
1706865853040 23.390548706054688 48
1706865853111 20.833724975585938 50
1706865853180 24.467065811157227 52
1706865853251 21.783405303955078 54
1706865853320 16.515321731567383 56
1706865853390 23.267868041992188 58
1706865853459 22.689170837402344 60
1706865853506 21.160945892333984 62
1706865853554 25.52428436279297 32
1706865853596 26.02354621887207 32
1706865853639 27.733097076416016 32
1706865853681 18.27252960205078 32
1706865853724 19.84380531311035 32
1706865853766 21.063093185424805 32
1706865853808 21.033397674560547 32
1706865853850 26.88578987121582 32
1706865853893 23.073232650756836 32
1706865853935 22.054367065429688 32
1706865853978 21.45740509033203 32
1706865854020 22.697616577148438 32
1706865854062 21.590805053710938 32
1706865854103 24.245223999023438 32
1706865854146 17.75674057006836 32
1706865854187 29.61425018310547 32
1706865854230 24.329814910888672 32
1706865854272 27.704811096191406 32
1706865854314 21.54897689819336 32
1706865854355 26.143566131591797 32
1706865854397 31.76083755493164 32
1706865854439 23.251930236816406 32
1706865854481 24.02193832397461 32
1706865854523 20.66112518310547 32
1706865854565 22.391950607299805 32
1706865854607 22.97330093383789 32
1706865854649 23.180330276489258 32
1706865854691 23.571304321289062 32
1706865854733 23.966737747192383 32
1706865854775 23.736408233642578 32
1706865854817 19.370738983154297 32
1706865854841 27.366912841796875 32
1706865854918 18.642791748046875 0
1706865854990 24.838546752929688 3
1706865855064 16.47357177734375 6
1706865855134 15.1696138381958 9
1706865855205 20.763893127441406 12
1706865855276 22.540090560913086 15
1706865855349 19.087953567504883 18
1706865855419 22.37981414794922 21
1706865855490 25.749950408935547 24
1706865855562 14.081594467163086 27
1706865855634 20.50436019897461 30
1706865855705 15.245538711547852 33
1706865855775 18.49762725830078 36
1706865855846 17.541257858276367 39
1706865855916 18.226463317871094 42
1706865855986 18.068777084350586 45
1706865856055 25.63572883605957 48
1706865856124 20.627437591552734 51
1706865856195 16.627574920654297 54
1706865856264 16.089759826660156 57
1706865856333 28.738849639892578 60
1706865856403 23.623109817504883 63
1706865856474 22.72911834716797 66
1706865856543 24.612791061401367 69
1706865856614 19.081256866455078 72
1706865856684 20.939598083496094 75
1706865856753 16.812911987304688 78
1706865856823 23.712215423583984 81
1706865856894 14.30596923828125 84
1706865856963 20.176746368408203 87
1706865857037 19.345096588134766 90
1706865857125 19.223346710205078 93
1706865857174 25.188282012939453 64
1706865857213 22.467315673828125 64
1706865857256 22.346702575683594 64
1706865857296 19.16681671142578 64
1706865857336 20.659854888916016 64
1706865857376 19.39423370361328 64
1706865857415 19.965471267700195 64
1706865857456 17.822528839111328 64
1706865857496 20.278879165649414 64
1706865857536 18.663381576538086 64
1706865857575 19.809326171875 64
1706865857614 17.06585121154785 64
1706865857654 18.470670700073242 64
1706865857693 20.680423736572266 64
1706865857732 18.62325096130371 64
1706865857771 22.746923446655273 64
1706865857810 23.668163299560547 64
1706865857850 20.056663513183594 64
1706865857889 17.936073303222656 64
1706865857929 12.92626667022705 64
1706865857968 26.679195404052734 64
1706865858007 22.33759307861328 64
1706865858046 22.860116958618164 64
1706865858086 22.974132537841797 64
1706865858126 19.068286895751953 64
1706865858165 23.941335678100586 64
1706865858204 18.555805206298828 64
1706865858243 22.355552673339844 64
1706865858283 22.21360206604004 64
1706865858322 21.747364044189453 64
1706865858362 19.94338607788086 64
1706865858385 22.496871948242188 64
1706865858458 19.707202911376953 0
1706865858527 23.371707916259766 4
1706865858597 19.148405075073242 8
1706865858668 24.3034610748291 12
1706865858739 18.672752380371094 16
1706865858810 18.835651397705078 20
1706865858880 24.32573890686035 24
1706865858970 17.58859634399414 28
1706865859047 12.612053871154785 32
1706865859117 21.32009506225586 36
1706865859189 21.74475860595703 40
1706865859259 20.387187957763672 44
1706865859328 21.854188919067383 48
1706865859399 16.894107818603516 52
1706865859469 19.545963287353516 56
1706865859540 16.82691192626953 60
1706865859612 20.975221633911133 64
1706865859682 19.696212768554688 68
1706865859755 20.305553436279297 72
1706865859824 18.452537536621094 76
1706865859894 16.38610076904297 80
1706865859963 19.321876525878906 84
1706865860033 15.181443214416504 88
1706865860102 17.586219787597656 92
1706865860173 19.40801239013672 96
1706865860246 16.520370483398438 100
1706865860314 17.626569747924805 104
1706865860383 18.098533630371094 108
1706865860452 16.940093994140625 112
1706865860521 19.891368865966797 116
1706865860591 19.14742660522461 120
1706865860637 12.379695892333984 124
1706865860681 26.1270694732666 96
1706865860719 18.631675720214844 96
1706865860759 24.76032257080078 96
1706865860799 21.37639617919922 96
1706865860839 23.833087921142578 96
1706865860878 20.304140090942383 96
1706865860920 15.899324417114258 96
1706865860960 15.582590103149414 96
1706865861000 25.429683685302734 96
1706865861039 21.018856048583984 96
1706865861080 17.455238342285156 96
1706865861119 20.38734245300293 96
1706865861161 14.714006423950195 96
1706865861201 21.865978240966797 96
1706865861240 20.811063766479492 96
1706865861280 14.695301055908203 96
1706865861320 21.468076705932617 96
1706865861359 18.357929229736328 96
1706865861400 21.943172454833984 96
1706865861441 19.532997131347656 96
1706865861480 20.450973510742188 96
1706865861520 18.623550415039062 96
1706865861620 18.955659866333008 96
1706865861661 25.388961791992188 96
1706865861703 12.823196411132812 96
1706865861745 22.465362548828125 96
1706865861786 17.32530975341797 96
1706865861891 19.36123275756836 96
1706865861957 20.015546798706055 96
1706865861996 19.296485900878906 96
1706865862075 23.031696319580078 96
1706865862098 21.243995666503906 96
1706865862189 22.017200469970703 0
1706865862261 16.02985191345215 5
1706865862332 20.197830200195312 10
1706865862402 16.271343231201172 15
1706865862482 14.753046035766602 20
1706865862554 22.010990142822266 25
1706865862625 18.111061096191406 30
1706865862697 11.112833976745605 35
1706865862768 16.54757308959961 40
1706865862843 14.057344436645508 45
1706865862915 13.431290626525879 50
1706865862987 16.067157745361328 55
1706865863085 14.5780668258667 60
1706865863155 14.568904876708984 65
1706865863228 14.523580551147461 70
1706865863299 15.217385292053223 75
1706865863370 16.014759063720703 80
1706865863441 16.235477447509766 85
1706865863512 14.659194946289062 90
1706865863581 15.990410804748535 95
1706865863650 10.18839168548584 100
1706865863718 11.183094024658203 105
1706865863787 12.986385345458984 110
1706865863857 16.874343872070312 115
1706865863926 15.906360626220703 120
1706865863995 14.535757064819336 125
1706865864064 16.023075103759766 130
1706865864133 9.520873069763184 135
1706865864203 16.76700782775879 140
1706865864276 13.04596996307373 145
1706865864345 15.054368019104004 150
1706865864391 16.496959686279297 155
1706865864439 19.931865692138672 128
1706865864478 13.50446605682373 128
1706865864520 17.905784606933594 128
1706865864560 13.39808464050293 128
1706865864599 14.9052095413208 128
1706865864638 15.809459686279297 128
1706865864678 13.963335037231445 128
1706865864717 12.268034934997559 128
1706865864759 16.2524356842041 128
1706865864798 13.918586730957031 128
1706865864839 12.656044006347656 128
1706865864878 16.822446823120117 128
1706865864918 13.796904563903809 128
1706865864958 18.49106216430664 128
1706865864997 13.037666320800781 128
1706865865037 16.227426528930664 128
1706865865077 18.27897834777832 128
1706865865117 18.818649291992188 128
1706865865157 11.437726974487305 128
1706865865196 13.386200904846191 128
1706865865236 22.373634338378906 128
1706865865275 15.050777435302734 128
1706865865315 15.162426948547363 128
1706865865356 17.925304412841797 128
1706865865396 11.465442657470703 128
1706865865436 17.252178192138672 128
1706865865475 13.636316299438477 128
1706865865515 17.779632568359375 128
1706865865555 15.147361755371094 128
1706865865594 15.338827133178711 128
1706865865634 14.045536994934082 128
1706865865658 17.77066993713379 128
1706865865743 13.488636016845703 0
1706865865832 12.42343521118164 6
1706865865931 11.187193870544434 12
1706865866009 16.55879783630371 18
1706865866101 17.867313385009766 24
1706865866174 18.000225067138672 30
1706865866246 15.23157024383545 36
1706865866316 13.687896728515625 42
1706865866388 15.48299789428711 48
1706865866463 13.190811157226562 54
1706865866533 11.643966674804688 60
1706865866603 15.748671531677246 66
1706865866674 13.991662979125977 72
1706865866744 15.871858596801758 78
1706865866813 12.488444328308105 84
1706865866887 16.897008895874023 90
1706865866957 9.926504135131836 96
1706865867042 13.516440391540527 102
1706865867112 14.417377471923828 108
1706865867182 11.254312515258789 114
1706865867254 14.2595853805542 120
1706865867322 13.602323532104492 126
1706865867393 17.103496551513672 132
1706865867464 11.74073600769043 138
1706865867533 10.415584564208984 144
1706865867603 12.31446647644043 150
1706865867674 17.9852352142334 156
1706865867743 10.65709400177002 162
1706865867813 13.111983299255371 168
1706865867883 11.192713737487793 174
1706865867953 12.106269836425781 180
1706865868001 14.349859237670898 186
1706865868048 21.343948364257812 160
1706865868089 12.18021011352539 160
1706865868132 19.62247085571289 160
1706865868172 12.021793365478516 160
1706865868213 15.518794059753418 160
1706865868253 16.620502471923828 160
1706865868293 13.982503890991211 160
1706865868332 15.34933090209961 160
1706865868373 13.679266929626465 160
1706865868414 14.902546882629395 160
1706865868454 10.232595443725586 160
1706865868494 14.900213241577148 160
1706865868534 14.067326545715332 160
1706865868573 18.303430557250977 160
1706865868671 10.486919403076172 160
1706865868711 15.347166061401367 160
1706865868752 16.076622009277344 160
1706865868792 15.314315795898438 160
1706865868832 11.234664916992188 160
1706865868871 14.394796371459961 160
1706865868910 13.854589462280273 160
1706865868951 12.506464004516602 160
1706865868991 10.964783668518066 160
1706865869030 15.74687385559082 160
1706865869069 13.182859420776367 160
1706865869109 14.812278747558594 160
1706865869149 13.984090805053711 160
1706865869190 13.096189498901367 160
1706865869229 13.915699005126953 160
1706865869269 16.505281448364258 160
1706865869308 14.12350082397461 160
1706865869333 22.272815704345703 160
1706865869428 13.968127250671387 0
1706865869501 10.596315383911133 7
1706865869572 11.379362106323242 14
1706865869641 10.486270904541016 21
1706865869713 13.098745346069336 28
1706865869783 13.806217193603516 35
1706865869852 9.629779815673828 42
1706865869924 11.855297088623047 49
1706865869996 11.20927619934082 56
1706865870067 12.579171180725098 63
1706865870139 10.906206130981445 70
1706865870209 13.816313743591309 77
1706865870280 12.450399398803711 84
1706865870351 12.31673812866211 91
1706865870422 10.356969833374023 98
1706865870512 6.036263465881348 105
1706865870583 9.96076488494873 112
1706865870653 9.118257522583008 119
1706865870723 15.890960693359375 126
1706865870795 11.827081680297852 133
1706865870866 8.027889251708984 140
1706865870937 13.276498794555664 147
1706865871006 13.317861557006836 154
1706865871075 12.735702514648438 161
1706865871145 11.928803443908691 168
1706865871218 11.807999610900879 175
1706865871289 9.38424015045166 182
1706865871359 12.675745964050293 189
1706865871429 13.59740161895752 196
1706865871498 14.828115463256836 203
1706865871569 13.96390438079834 210
1706865871615 17.738149642944336 217
1706865871665 16.796520233154297 192
1706865871708 12.012382507324219 192
1706865871751 15.921539306640625 192
1706865871792 10.062413215637207 192
1706865871833 14.36756706237793 192
1706865871874 12.357321739196777 192
1706865871930 10.905777931213379 192
1706865871972 11.998139381408691 192
1706865872015 13.906822204589844 192
1706865872056 11.688140869140625 192
1706865872096 10.342971801757812 192
1706865872137 10.779516220092773 192
1706865872179 10.114992141723633 192
1706865872220 14.124049186706543 192
1706865872260 10.634130477905273 192
1706865872302 16.46508026123047 192
1706865872343 11.707242965698242 192
1706865872384 13.310168266296387 192
1706865872426 9.633840560913086 192
1706865872466 9.083199501037598 192
1706865872507 14.171299934387207 192
1706865872549 11.456611633300781 192
1706865872590 8.243229866027832 192
1706865872631 14.041034698486328 192
1706865872673 10.693073272705078 192
1706865872713 14.281824111938477 192
1706865872755 13.338367462158203 192
1706865872795 10.686661720275879 192
1706865872837 12.314777374267578 192
1706865872877 12.933706283569336 192
1706865872919 9.87857723236084 192
1706865872943 23.005929946899414 192
1706865873033 14.063226699829102 0
1706865873106 18.76541519165039 8
1706865873182 8.941935539245605 16
1706865873253 18.834924697875977 24
1706865873326 10.06226634979248 32
1706865873397 8.737662315368652 40
1706865873469 12.34146499633789 48
1706865873540 14.557104110717773 56
1706865873612 13.899127960205078 64
1706865873683 9.911643981933594 72
1706865873755 9.454578399658203 80
1706865873826 8.111310005187988 88
1706865873895 14.471174240112305 96
1706865873966 13.502982139587402 104
1706865874036 11.308808326721191 112
1706865874106 13.781058311462402 120
1706865874176 11.891958236694336 128
1706865874248 9.467710494995117 136
1706865874318 12.050943374633789 144
1706865874390 10.928363800048828 152
1706865874460 9.78852653503418 160
1706865874532 11.128401756286621 168
1706865874631 8.722967147827148 176
1706865874701 13.538379669189453 184
1706865874773 9.96027660369873 192
1706865874843 9.084113121032715 200
1706865874915 11.114256858825684 208
1706865874987 11.478275299072266 216
1706865875059 10.852312088012695 224
1706865875129 13.215580940246582 232
1706865875200 11.73954963684082 240
1706865875247 20.68857765197754 248
1706865875296 19.784290313720703 224
1706865875338 18.28619956970215 224
1706865875380 20.463504791259766 224
1706865875421 12.032367706298828 224
1706865875462 15.117805480957031 224
1706865875502 11.691427230834961 224
1706865875543 13.363447189331055 224
1706865875584 15.001615524291992 224
1706865875627 16.78667449951172 224
1706865875668 13.951279640197754 224
1706865875709 15.470928192138672 224
1706865875750 17.63130760192871 224
1706865875791 12.463174819946289 224
1706865875832 18.485546112060547 224
1706865875872 14.279136657714844 224
1706865875913 18.713172912597656 224
1706865875953 15.32179069519043 224
1706865875994 15.795866966247559 224
1706865876035 14.884527206420898 224
1706865876076 15.498133659362793 224
1706865876118 20.482345581054688 224
1706865876194 16.23101043701172 224
1706865876235 15.352365493774414 224
1706865876275 14.401090621948242 224
1706865876316 16.8548583984375 224
1706865876357 13.367477416992188 224
1706865876398 12.917264938354492 224
1706865876439 17.189624786376953 224
1706865876480 16.37617301940918 224
1706865876521 16.1317138671875 224
1706865876562 13.538637161254883 224
1706865876586 18.707046508789062 224
1706865876684 10.509098052978516 0
1706865876754 12.046313285827637 9
1706865876826 10.792401313781738 18
1706865876895 14.448434829711914 27
1706865876966 10.7738037109375 36
1706865877036 11.410543441772461 45
1706865877107 14.175311088562012 54
1706865877178 10.343554496765137 63
1706865877248 10.215503692626953 72
1706865877318 11.8381929397583 81
1706865877389 9.187541961669922 90
1706865877458 10.875259399414062 99
1706865877530 10.79373550415039 108
1706865877603 10.193042755126953 117
1706865877676 8.728273391723633 126
1706865877745 11.233074188232422 135
1706865877814 10.078641891479492 144
1706865877884 10.351511001586914 153
1706865877955 11.704620361328125 162
1706865878025 8.259732246398926 171
1706865878096 13.991964340209961 180
1706865878166 12.465742111206055 189
1706865878237 10.847878456115723 198
1706865878308 9.146929740905762 207
1706865878379 10.095961570739746 216
1706865878449 7.802659034729004 225
1706865878519 13.26577377319336 234
1706865878589 10.881591796875 243
1706865878660 10.191767692565918 252
1706865878730 8.063228607177734 261
1706865878799 9.299535751342773 270
1706865878846 21.61683464050293 279
1706865878896 15.689979553222656 256
1706865878938 9.440560340881348 256
1706865878980 12.786026000976562 256
1706865879021 7.515427112579346 256
1706865879061 12.572454452514648 256
1706865879102 12.181767463684082 256
1706865879143 10.50133991241455 256
1706865879184 11.828786849975586 256
1706865879226 12.592052459716797 256
1706865879267 10.411039352416992 256
1706865879308 9.70901107788086 256
1706865879348 9.692773818969727 256
1706865879389 10.855979919433594 256
1706865879430 13.61794662475586 256
1706865879473 11.521824836730957 256
1706865879514 14.970969200134277 256
1706865879554 13.430791854858398 256
1706865879595 10.483346939086914 256
1706865879636 11.12325668334961 256
1706865879676 9.939903259277344 256
1706865879717 18.20955467224121 256
1706865879758 11.255794525146484 256
1706865879798 9.028511047363281 256
1706865879839 11.823650360107422 256
1706865879880 11.648931503295898 256
1706865879921 11.86007308959961 256
1706865879962 13.523443222045898 256
1706865880002 9.238325119018555 256
1706865880043 11.772775650024414 256
1706865880084 12.975479125976562 256
1706865880125 11.21806812286377 256
1706865880148 15.459538459777832 256
1706865880274 10.842399597167969 0
1706865880347 10.155715942382812 10
1706865880480 10.334810256958008 20
1706865880553 12.291284561157227 30
1706865880625 8.927848815917969 40
1706865880695 10.478328704833984 50
1706865880766 7.6363983154296875 60
1706865880838 9.676864624023438 70
1706865880911 10.036148071289062 80
1706865880984 10.615678787231445 90
1706865881054 11.36308479309082 100
1706865881126 8.802061080932617 110
1706865881197 7.308223247528076 120
1706865881269 10.449169158935547 130
1706865881341 13.811910629272461 140
1706865881412 9.08587646484375 150
1706865881482 9.677597045898438 160
1706865881553 9.472199440002441 170
1706865881624 11.10220718383789 180
1706865881696 10.502031326293945 190
1706865881767 12.111093521118164 200
1706865881838 8.499767303466797 210
1706865881910 12.534749031066895 220
1706865881981 11.556636810302734 230
1706865882052 8.662729263305664 240
1706865882175 12.862115859985352 250
1706865882247 11.813343048095703 260
1706865882318 9.800841331481934 270
1706865882390 14.574824333190918 280
1706865882460 14.758949279785156 290
1706865882531 11.529909133911133 300
1706865882580 11.182099342346191 310
1706865882625 14.53346061706543 288
1706865882668 10.487549781799316 288
1706865882710 14.412971496582031 288
1706865882751 9.071158409118652 288
1706865882793 10.710265159606934 288
1706865882833 8.883758544921875 288
1706865882874 10.890244483947754 288
1706865882915 10.594400405883789 288
1706865882955 13.010992050170898 288
1706865882996 10.14163589477539 288
1706865883037 10.271296501159668 288
1706865883077 11.32438850402832 288
1706865883118 8.564363479614258 288
1706865883158 11.340034484863281 288
1706865883199 9.581300735473633 288
1706865883240 11.578751564025879 288
1706865883281 12.982583999633789 288
1706865883321 8.343358993530273 288
1706865883362 9.193509101867676 288
1706865883402 9.547745704650879 288
1706865883442 16.81229019165039 288
1706865883483 10.307844161987305 288
1706865883524 8.915838241577148 288
1706865883565 9.74612045288086 288
1706865883606 9.170164108276367 288
1706865883647 12.131205558776855 288
1706865883688 9.008810043334961 288
1706865883729 9.387136459350586 288
1706865883770 11.240397453308105 288
1706865883810 10.938109397888184 288
1706865883850 9.356205940246582 288
1706865883874 18.313610076904297 288
