1706865847694 1502.3275146484375 0
1706865847815 1960.8565673828125 1
1706865847905 1442.8779296875 2
1706865847985 1380.6553955078125 3
1706865848090 1353.2728271484375 4
1706865848165 1723.8919677734375 5
1706865848237 1251.5985107421875 6
1706865848308 1182.6429443359375 7
1706865848378 1710.867431640625 8
1706865848448 1445.187744140625 9
1706865848518 1132.50634765625 10
1706865848589 1183.689453125 11
1706865848657 1485.3133544921875 12
1706865848729 1393.2373046875 13
1706865848799 1179.913330078125 14
1706865848871 1324.99755859375 15
1706865848941 1367.4605712890625 16
1706865849011 1234.3555908203125 17
1706865849081 1548.090087890625 18
1706865849151 1075.4534912109375 19
1706865849222 1048.840087890625 20
1706865849292 965.4017944335938 21
1706865849361 1624.799560546875 22
1706865849432 1610.4429931640625 23
1706865849500 1589.78955078125 24
1706865849571 1308.6331787109375 25
1706865849641 1095.268798828125 26
1706865849712 847.3265380859375 27
1706865849781 1055.6302490234375 28
1706865849851 1299.4307861328125 29
1706865849922 1412.4739990234375 30
1706865850052 926.4193115234375 31
1706865851365 575.200439453125 0
1706865851439 1341.96142578125 2
1706865851509 1175.982666015625 4
1706865851583 1179.1663818359375 6
1706865851652 1432.101318359375 8
1706865851723 627.413330078125 10
1706865851793 1180.856201171875 12
1706865851862 1215.481201171875 14
1706865851931 753.1436767578125 16
1706865852000 733.409912109375 18
1706865852069 892.8585815429688 20
1706865852137 1116.2144775390625 22
1706865852206 938.8423461914062 24
1706865852275 1074.8582763671875 26
1706865852345 988.8114624023438 28
1706865852413 813.0069580078125 30
1706865852484 837.39794921875 32
1706865852556 1200.9351806640625 34
1706865852625 893.3267822265625 36
1706865852694 1415.7174072265625 38
1706865852765 787.073486328125 40
1706865852836 1262.27197265625 42
1706865852910 853.2945556640625 44
1706865852980 565.5308837890625 46
1706865853051 926.9527587890625 48
1706865853123 775.2132568359375 50
1706865853193 1036.480224609375 52
1706865853262 905.1983032226562 54
1706865853333 486.320068359375 56
1706865853402 894.7557373046875 58
1706865853471 851.9033813476562 60
1706865853518 748.4169921875 62
1706865854930 560.9047241210938 0
1706865855002 1128.9671630859375 3
1706865855076 538.5313720703125 6
1706865855147 434.40594482421875 9
1706865855217 839.551025390625 12
1706865855288 878.8841552734375 15
1706865855361 605.308349609375 18
1706865855432 869.5419921875 21
1706865855502 1059.4326171875 24
1706865855574 354.8465576171875 27
1706865855645 683.6268310546875 30
1706865855717 546.308837890625 33
1706865855787 626.7622680664062 36
1706865855857 594.4200439453125 39
1706865855928 705.345947265625 42
1706865855998 673.7413330078125 45
1706865856068 1026.0947265625 48
1706865856136 720.6427001953125 51
1706865856207 515.70556640625 54
1706865856276 411.35498046875 57
1706865856346 1281.44580078125 60
1706865856415 922.8319702148438 63
1706865856486 904.1764526367188 66
1706865856555 855.3880615234375 69
1706865856626 573.0941772460938 72
1706865856696 731.9617309570312 75
1706865856765 569.9072265625 78
1706865856835 861.3994140625 81
1706865856906 346.07421875 84
1706865856976 704.0586547851562 87
1706865857048 547.5557861328125 90
1706865857137 498.5147399902344 93
1706865858469 593.923095703125 0
1706865858538 926.059814453125 4
1706865858608 577.1023559570312 8
1706865858679 989.1070556640625 12
1706865858750 569.3360595703125 16
1706865858821 542.4031982421875 20
1706865858892 842.5292358398438 24
1706865858983 512.5969848632812 28
1706865859059 263.54046630859375 32
1706865859129 788.4659423828125 36
1706865859201 809.7481689453125 40
1706865859270 765.030517578125 44
1706865859339 843.322021484375 48
1706865859410 520.8356323242188 52
1706865859481 720.453125 56
1706865859552 434.927978515625 60
1706865859623 721.4039306640625 64
1706865859694 643.4947509765625 68
1706865859766 633.886962890625 72
1706865859836 573.0355834960938 76
1706865859906 417.0314025878906 80
1706865859975 593.276123046875 84
1706865860045 379.72955322265625 88
1706865860114 461.6361083984375 92
1706865860185 660.138916015625 96
1706865860257 492.11383056640625 100
1706865860326 520.2264404296875 104
1706865860394 507.9747314453125 108
1706865860463 507.2000427246094 112
1706865860533 712.00439453125 116
1706865860602 593.6925048828125 120
1706865860648 215.9955596923828 124
1706865862201 862.8230590820312 0
1706865862273 453.085693359375 5
1706865862344 633.9271240234375 10
1706865862415 486.0498352050781 15
1706865862495 438.8195495605469 20
1706865862566 799.9501342773438 25
1706865862637 507.66912841796875 30
1706865862709 186.2164306640625 35
1706865862781 591.1263427734375 40
1706865862856 406.31695556640625 45
1706865862927 378.9122619628906 50
1706865862999 419.173095703125 55
1706865863096 376.15850830078125 60
1706865863167 345.0372619628906 65
1706865863240 341.0645751953125 70
1706865863311 436.57293701171875 75
1706865863381 474.1451416015625 80
1706865863453 410.50885009765625 85
1706865863523 345.09576416015625 90
1706865863592 438.90838623046875 95
1706865863661 186.61273193359375 100
1706865863729 231.51380920410156 105
1706865863799 291.5072937011719 110
1706865863868 488.97613525390625 115
1706865863937 461.9032897949219 120
1706865864006 400.6670227050781 125
1706865864075 474.83746337890625 130
1706865864145 151.4154052734375 135
1706865864214 502.2872314453125 140
1706865864287 377.37158203125 145
1706865864357 372.24798583984375 150
1706865864403 390.9496765136719 155
1706865865755 298.781982421875 0
1706865865845 325.9476318359375 6
1706865865944 209.8711700439453 12
1706865866022 537.0647583007812 18
1706865866113 479.970947265625 24
1706865866186 594.4395141601562 30
1706865866257 393.463134765625 36
1706865866328 297.4924621582031 42
1706865866399 441.69317626953125 48
1706865866474 333.01275634765625 54
1706865866544 283.6537170410156 60
1706865866615 403.0803527832031 66
1706865866686 271.13067626953125 72
1706865866755 442.0672607421875 78
1706865866827 288.154296875 84
1706865866898 537.001220703125 90
1706865866968 189.56655883789062 96
1706865867053 364.6766357421875 102
1706865867123 333.4130554199219 108
1706865867194 235.88552856445312 114
1706865867265 364.0357666015625 120
1706865867334 332.6847229003906 126
1706865867405 493.283203125 132
1706865867476 325.4031066894531 138
1706865867545 181.34750366210938 144
1706865867614 346.89605712890625 150
1706865867685 578.553466796875 156
1706865867754 183.55764770507812 162
1706865867824 363.66217041015625 168
1706865867895 202.842529296875 174
1706865867964 301.927978515625 180
1706865868012 321.7821350097656 186
1706865869441 359.17816162109375 0
1706865869512 191.11154174804688 7
1706865869584 199.77833557128906 14
1706865869653 238.09967041015625 21
1706865869725 359.539306640625 28
1706865869794 376.6169738769531 35
1706865869865 180.826904296875 42
1706865869936 301.9383544921875 49
1706865870008 212.74429321289062 56
1706865870079 300.1187744140625 63
1706865870151 248.78514099121094 70
1706865870221 368.752197265625 77
1706865870292 235.7088623046875 84
1706865870363 282.2409362792969 91
1706865870434 179.715087890625 98
1706865870525 71.64771270751953 105
1706865870595 223.74359130859375 112
1706865870664 187.40213012695312 119
1706865870735 369.3590087890625 126
1706865870806 255.79180908203125 133
1706865870877 124.27767944335938 140
1706865870949 374.2207336425781 147
1706865871018 415.7136535644531 154
1706865871086 361.6732177734375 161
1706865871158 270.1700744628906 168
1706865871229 235.52224731445312 175
1706865871301 205.22056579589844 182
1706865871370 330.7302551269531 189
1706865871440 319.7512512207031 196
1706865871510 365.6759338378906 203
1706865871580 356.98834228515625 210
1706865871627 449.08978271484375 217
1706865873045 336.20556640625 0
1706865873118 702.5996704101562 8
1706865873194 165.5951385498047 16
1706865873266 574.575439453125 24
1706865873337 163.73924255371094 32
1706865873409 189.47512817382812 40
1706865873481 267.215087890625 48
1706865873552 339.3978271484375 56
1706865873624 372.86505126953125 64
1706865873695 141.8394012451172 72
1706865873768 197.7825164794922 80
1706865873838 129.43824768066406 88
1706865873907 361.1492004394531 96
1706865873978 276.41046142578125 104
1706865874048 245.50607299804688 112
1706865874117 388.2938232421875 120
1706865874188 271.81201171875 128
1706865874259 147.9174346923828 136
1706865874330 242.4661102294922 144
1706865874402 274.3052062988281 152
1706865874473 140.38735961914062 160
1706865874545 196.667724609375 168
1706865874643 151.05337524414062 176
1706865874713 331.514892578125 184
1706865874784 195.6865692138672 192
1706865874855 238.59420776367188 200
1706865874926 311.09893798828125 208
1706865874999 267.3697509765625 216
1706865875071 206.90945434570312 224
1706865875141 269.1752624511719 232
1706865875212 282.86724853515625 240
1706865875259 688.58447265625 248
1706865876695 202.43325805664062 0
1706865876765 227.24037170410156 9
1706865876837 283.22064208984375 18
1706865876906 322.155517578125 27
1706865876978 201.474609375 36
1706865877047 218.56759643554688 45
1706865877118 334.8841247558594 54
1706865877190 198.64089965820312 63
1706865877260 213.17491149902344 72
1706865877329 318.5933532714844 81
1706865877400 166.40882873535156 90
1706865877469 191.85592651367188 99
1706865877542 216.56858825683594 108
1706865877615 199.86004638671875 117
1706865877687 136.9602508544922 126
1706865877757 279.3447570800781 135
1706865877826 192.1281280517578 144
1706865877895 239.2517852783203 153
1706865877966 281.8475341796875 162
1706865878037 132.85403442382812 171
1706865878107 373.3290100097656 180
1706865878177 264.5238037109375 189
1706865878249 276.94671630859375 198
1706865878320 148.7279052734375 207
1706865878391 206.96746826171875 216
1706865878462 119.47636413574219 225
1706865878531 329.2000732421875 234
1706865878602 217.4645233154297 243
1706865878673 186.3888702392578 252
1706865878742 144.7890625 261
1706865878811 228.07276916503906 270
1706865878857 900.8096313476562 279
1706865880286 193.92684936523438 0
1706865880360 166.58998107910156 10
1706865880493 208.88677978515625 20
1706865880565 261.8334655761719 30
1706865880637 110.27313232421875 40
1706865880707 211.76165771484375 50
1706865880778 129.40963745117188 60
1706865880850 220.5123291015625 70
1706865880924 186.2123565673828 80
1706865880996 193.37408447265625 90
1706865881066 310.2425537109375 100
1706865881138 140.8033905029297 110
1706865881210 93.33291625976562 120
1706865881281 179.10350036621094 130
1706865881353 386.3253173828125 140
1706865881424 172.33200073242188 150
1706865881494 148.48495483398438 160
1706865881565 153.3893280029297 170
1706865881636 206.09307861328125 180
1706865881708 185.9565887451172 190
1706865881779 239.3319091796875 200
1706865881851 140.4403533935547 210
1706865881922 283.31231689453125 220
1706865881993 223.73770141601562 230
1706865882064 131.42623901367188 240
1706865882187 364.03936767578125 250
1706865882260 270.39288330078125 260
1706865882330 203.64781188964844 270
1706865882401 438.6959533691406 280
1706865882472 359.6480712890625 290
1706865882542 272.87384033203125 300
1706865882591 333.681396484375 310
