1706866609875 23.296829223632812 0
1706866609967 31.33933448791504 1
1706866610051 28.258092880249023 2
1706866610136 34.246826171875 3
1706866610209 31.724308013916016 4
1706866610281 29.56171989440918 5
1706866610353 30.926939010620117 6
1706866610423 30.228466033935547 7
1706866610494 31.691064834594727 8
1706866610564 29.32431411743164 9
1706866610635 26.44741439819336 10
1706866610707 20.210342407226562 11
1706866610779 27.959394454956055 12
1706866610849 23.02435874938965 13
1706866610917 24.28437042236328 14
1706866610989 29.702045440673828 15
1706866611062 29.210887908935547 16
1706866611132 28.59224510192871 17
1706866611203 25.23606300354004 18
1706866611273 29.212135314941406 19
1706866611342 27.812732696533203 20
1706866611412 33.590110778808594 21
1706866611482 33.926979064941406 22
1706866611553 27.983924865722656 23
1706866611623 22.686403274536133 24
1706866611693 27.829524993896484 25
1706866611763 22.746440887451172 26
1706866611832 29.014183044433594 27
1706866611902 20.48766326904297 28
1706866611972 29.567523956298828 29
1706866612042 21.11964225769043 30
1706866612172 22.38124656677246 31
1706866613509 24.308826446533203 0
1706866613581 23.294322967529297 2
1706866613654 25.38457679748535 4
1706866613725 16.37225341796875 6
1706866613796 23.194602966308594 8
1706866613867 23.0080623626709 10
1706866613937 15.974042892456055 12
1706866614009 27.326156616210938 14
1706866614079 22.568950653076172 16
1706866614150 22.640361785888672 18
1706866614220 29.173980712890625 20
1706866614290 28.500301361083984 22
1706866614360 25.172584533691406 24
1706866614432 23.510696411132812 26
1706866614504 26.715999603271484 28
1706866614575 24.187288284301758 30
1706866614645 20.677837371826172 32
1706866614715 17.1322021484375 34
1706866614786 19.446083068847656 36
1706866614856 25.040630340576172 38
1706866614928 25.924152374267578 40
1706866614998 23.313617706298828 42
1706866615069 16.53563690185547 44
1706866615139 13.839648246765137 46
1706866615209 24.712005615234375 48
1706866615281 14.905466079711914 50
1706866615353 20.647844314575195 52
1706866615424 20.804813385009766 54
1706866615495 15.696527481079102 56
1706866615564 22.15194320678711 58
1706866615635 19.741565704345703 60
1706866615681 14.873190879821777 62
1706866617026 23.31614112854004 0
1706866617100 12.094890594482422 3
1706866617173 17.035335540771484 6
1706866617245 14.926910400390625 9
1706866617316 19.583045959472656 12
1706866617389 16.557405471801758 15
1706866617462 15.05445384979248 18
1706866617533 18.172897338867188 21
1706866617604 13.622064590454102 24
1706866617674 22.170467376708984 27
1706866617745 14.830900192260742 30
1706866617817 18.7357120513916 33
1706866617889 17.636280059814453 36
1706866617960 21.45807456970215 39
1706866618031 17.50754165649414 42
1706866618103 16.378910064697266 45
1706866618175 21.374004364013672 48
1706866618248 16.038728713989258 51
1706866618321 10.896805763244629 54
1706866618393 17.022907257080078 57
1706866618465 14.24212646484375 60
1706866618535 17.48180389404297 63
1706866618605 17.408546447753906 66
1706866618678 13.580958366394043 69
1706866618750 18.348949432373047 72
1706866618823 16.540996551513672 75
1706866618893 14.93199348449707 78
1706866618965 20.683837890625 81
1706866619035 18.198631286621094 84
1706866619107 14.868654251098633 87
1706866619179 17.093303680419922 90
1706866619225 12.961952209472656 93
1706866620632 22.487497329711914 0
1706866620702 17.484682083129883 4
1706866620773 16.362300872802734 8
1706866620842 13.514768600463867 12
1706866620912 20.979015350341797 16
1706866620982 13.018533706665039 20
1706866621052 13.254935264587402 24
1706866621121 15.728997230529785 28
1706866621193 16.839975357055664 32
1706866621263 21.424327850341797 36
1706866621332 16.311006546020508 40
1706866621403 14.51215648651123 44
1706866621474 15.193941116333008 48
1706866621544 15.956522941589355 52
1706866621616 16.97605323791504 56
1706866621685 16.252702713012695 60
1706866621755 13.852731704711914 64
1706866621826 14.002674102783203 68
1706866621896 15.6669921875 72
1706866621966 12.265974044799805 76
1706866622037 14.31490421295166 80
1706866622108 21.28640365600586 84
1706866622176 11.693544387817383 88
1706866622246 15.074577331542969 92
1706866622315 12.688333511352539 96
1706866622385 11.999930381774902 100
1706866622454 16.61903190612793 104
1706866622524 13.43460464477539 108
1706866622596 14.523065567016602 112
1706866622704 17.240650177001953 116
1706866622779 13.140169143676758 120
1706866622881 15.104524612426758 124
1706866624185 12.174341201782227 0
1706866624256 16.067157745361328 5
1706866624327 16.774276733398438 10
1706866624395 8.063220024108887 15
1706866624466 18.335962295532227 20
1706866624537 17.553638458251953 25
1706866624606 13.072834014892578 30
1706866624675 13.057476043701172 35
1706866624743 10.389517784118652 40
1706866624813 18.76445770263672 45
1706866624882 15.583585739135742 50
1706866624952 13.749956130981445 55
1706866625022 17.150043487548828 60
1706866625090 12.415485382080078 65
1706866625159 13.578510284423828 70
1706866625229 17.057579040527344 75
1706866625297 15.094033241271973 80
1706866625369 11.178388595581055 85
1706866625439 16.315338134765625 90
1706866625508 18.587284088134766 95
1706866625578 12.668526649475098 100
1706866625648 11.763067245483398 105
1706866625719 12.930427551269531 110
1706866625788 16.308883666992188 115
1706866625856 12.734222412109375 120
1706866625927 19.139968872070312 125
1706866625996 15.075016975402832 130
1706866626066 11.785087585449219 135
1706866626136 13.56992244720459 140
1706866626205 15.300893783569336 145
1706866626274 10.42397689819336 150
1706866626319 16.40291976928711 155
1706866627845 14.376232147216797 0
1706866627915 12.936702728271484 6
1706866627986 10.720765113830566 12
1706866628057 11.032443046569824 18
1706866628130 11.253490447998047 24
1706866628200 10.310419082641602 30
1706866628271 10.073700904846191 36
1706866628360 11.428670883178711 42
1706866628431 10.654556274414062 48
1706866628501 11.71183967590332 54
1706866628628 11.691093444824219 60
1706866628697 12.402652740478516 66
1706866628766 13.219972610473633 72
1706866628835 10.973764419555664 78
1706866628906 12.697347640991211 84
1706866628974 11.367105484008789 90
1706866629046 10.475824356079102 96
1706866629116 13.508113861083984 102
1706866629187 12.301511764526367 108
1706866629257 12.880926132202148 114
1706866629326 13.649162292480469 120
1706866629397 14.26280689239502 126
1706866629470 10.302724838256836 132
1706866629541 9.373649597167969 138
1706866629613 10.461517333984375 144
1706866629683 14.635765075683594 150
1706866629776 8.213619232177734 156
1706866629845 9.834144592285156 162
1706866629918 9.565593719482422 168
1706866629987 11.800405502319336 174
1706866630057 10.842931747436523 180
1706866630103 13.236448287963867 186
1706866631555 9.786725997924805 0
1706866631628 9.723770141601562 7
1706866631711 9.678462028503418 14
1706866631781 10.934207916259766 21
1706866631855 10.985275268554688 28
1706866631925 10.509718894958496 35
1706866631995 17.179784774780273 42
1706866632065 10.269487380981445 49
1706866632135 15.787424087524414 56
1706866632205 11.372296333312988 63
1706866632275 11.94720458984375 70
1706866632345 8.997579574584961 77
1706866632415 15.179510116577148 84
1706866632483 13.749878883361816 91
1706866632553 10.442996978759766 98
1706866632622 11.504374504089355 105
1706866632691 12.784951210021973 112
1706866632759 9.387434005737305 119
1706866632831 12.559646606445312 126
1706866632900 12.255535125732422 133
1706866632968 11.707174301147461 140
1706866633037 11.836292266845703 147
1706866633106 11.111483573913574 154
1706866633176 12.411078453063965 161
1706866633247 10.707958221435547 168
1706866633318 11.746319770812988 175
1706866633387 7.767736434936523 182
1706866633458 10.682180404663086 189
1706866633527 13.258459091186523 196
1706866633596 12.975251197814941 203
1706866633665 10.084260940551758 210
1706866633712 12.004884719848633 217
1706866635125 12.577085494995117 0
1706866635198 8.761554718017578 8
1706866635270 12.164902687072754 16
1706866635342 8.970325469970703 24
1706866635440 8.685714721679688 32
1706866635509 10.279815673828125 40
1706866635579 7.594232082366943 48
1706866635648 11.24203872680664 56
1706866635719 9.912181854248047 64
1706866635789 9.916805267333984 72
1706866635858 9.492605209350586 80
1706866635927 12.328231811523438 88
1706866635998 10.380572319030762 96
1706866636068 9.979564666748047 104
1706866636137 10.161748886108398 112
1706866636207 7.870545387268066 120
1706866636278 11.893835067749023 128
1706866636348 12.24113655090332 136
1706866636418 11.077106475830078 144
1706866636488 11.93518352508545 152
1706866636558 13.475255966186523 160
1706866636630 14.673744201660156 168
1706866636701 11.263941764831543 176
1706866636774 7.69599723815918 184
1706866636845 9.56497859954834 192
1706866636915 9.685338020324707 200
1706866636987 9.422183990478516 208
1706866637057 10.357671737670898 216
1706866637127 11.713029861450195 224
1706866637198 10.715682029724121 232
1706866637268 10.223640441894531 240
1706866637315 15.312685012817383 248
1706866638589 10.18016242980957 0
1706866638662 8.876883506774902 9
1706866638734 7.518056392669678 18
1706866638804 9.73854923248291 27
1706866638877 8.314184188842773 36
1706866638947 8.662027359008789 45
1706866639016 11.157537460327148 54
1706866639086 11.286731719970703 63
1706866639157 8.597877502441406 72
1706866639227 7.398924350738525 81
1706866639298 11.095657348632812 90
1706866639368 7.665762424468994 99
1706866639439 10.479875564575195 108
1706866639510 7.961501121520996 117
1706866639581 11.357992172241211 126
1706866639652 8.031612396240234 135
1706866639724 10.797283172607422 144
1706866639797 8.023214340209961 153
1706866639869 11.135099411010742 162
1706866639939 9.844532012939453 171
1706866640008 14.167387962341309 180
1706866640079 10.661645889282227 189
1706866640149 7.994391918182373 198
1706866640220 14.802892684936523 207
1706866640292 9.966657638549805 216
1706866640361 11.295246124267578 225
1706866640432 8.369930267333984 234
1706866640502 8.632875442504883 243
1706866640573 11.26636028289795 252
1706866640643 11.387913703918457 261
1706866640714 8.885566711425781 270
1706866640760 12.824516296386719 279
1706866642175 8.542083740234375 0
1706866642245 8.91151237487793 10
1706866642317 6.964259147644043 20
1706866642390 11.147050857543945 30
1706866642461 9.888833999633789 40
1706866642531 8.302390098571777 50
1706866642603 12.789859771728516 60
1706866642672 12.929537773132324 70
1706866642742 10.527091979980469 80
1706866642812 11.314562797546387 90
1706866642882 10.132761001586914 100
1706866642952 8.557806015014648 110
1706866643024 9.644902229309082 120
1706866643094 7.57287073135376 130
1706866643164 7.323629379272461 140
1706866643235 8.138418197631836 150
1706866643306 7.642093181610107 160
1706866643376 7.067709922790527 170
1706866643445 11.682537078857422 180
1706866643515 9.964859008789062 190
1706866643587 9.156472206115723 200
1706866643662 8.977010726928711 210
1706866643735 9.593839645385742 220
1706866643804 8.31639289855957 230
1706866643875 10.948902130126953 240
1706866643944 8.594259262084961 250
1706866644014 10.264002799987793 260
1706866644084 12.128305435180664 270
1706866644155 11.45197582244873 280
1706866644224 10.194698333740234 290
1706866644294 9.489487648010254 300
1706866644341 12.020051956176758 310
