1706866609857 23.296829223632812 0
1706866609957 31.33933448791504 1
1706866610043 28.258092880249023 2
1706866610125 34.246826171875 3
1706866610201 31.724308013916016 4
1706866610273 29.56171989440918 5
1706866610345 30.926939010620117 6
1706866610415 30.228466033935547 7
1706866610486 31.691064834594727 8
1706866610556 29.32431411743164 9
1706866610627 26.44741439819336 10
1706866610697 20.210342407226562 11
1706866610771 27.959394454956055 12
1706866610840 23.02435874938965 13
1706866610909 24.28437042236328 14
1706866610981 29.702045440673828 15
1706866611053 29.210887908935547 16
1706866611124 28.59224510192871 17
1706866611194 25.23606300354004 18
1706866611264 29.212135314941406 19
1706866611334 27.812732696533203 20
1706866611403 33.590110778808594 21
1706866611474 33.926979064941406 22
1706866611544 27.983924865722656 23
1706866611614 22.686403274536133 24
1706866611685 27.829524993896484 25
1706866611754 22.746440887451172 26
1706866611824 29.014183044433594 27
1706866611893 20.48766326904297 28
1706866611963 29.567523956298828 29
1706866612033 21.11964225769043 30
1706866612164 22.38124656677246 31
1706866612214 26.927522659301758 0
1706866612255 28.669147491455078 0
1706866612295 28.046411514282227 0
1706866612338 19.737762451171875 0
1706866612377 22.65465545654297 0
1706866612417 23.356643676757812 0
1706866612456 22.535768508911133 0
1706866612494 30.42978286743164 0
1706866612533 27.123397827148438 0
1706866612571 24.49840545654297 0
1706866612610 22.308639526367188 0
1706866612648 24.294151306152344 0
1706866612686 23.004520416259766 0
1706866612725 26.129514694213867 0
1706866612763 19.20039939880371 0
1706866612802 31.796409606933594 0
1706866612841 27.004518508911133 0
1706866612879 29.567020416259766 0
1706866612918 23.998403549194336 0
1706866612956 27.94428253173828 0
1706866612995 33.958770751953125 0
1706866613034 25.285768508911133 0
1706866613072 26.512897491455078 0
1706866613110 22.394012451171875 0
1706866613149 24.692020416259766 0
1706866613188 26.481647491455078 0
1706866613226 26.3795166015625 0
1706866613265 24.35438346862793 0
1706866613303 27.419151306152344 0
1706866613343 26.606647491455078 0
1706866613381 22.817020416259766 0
1706866613405 26.97552490234375 0
1706866613501 24.308826446533203 0
1706866613572 23.294322967529297 2
1706866613645 25.38457679748535 4
1706866613716 16.37225341796875 6
1706866613787 23.194602966308594 8
1706866613858 23.0080623626709 10
1706866613929 15.974042892456055 12
1706866614000 27.326156616210938 14
1706866614070 22.568950653076172 16
1706866614141 22.640361785888672 18
1706866614212 29.173980712890625 20
1706866614282 28.500301361083984 22
1706866614351 25.172584533691406 24
1706866614423 23.510696411132812 26
1706866614495 26.715999603271484 28
1706866614566 24.187288284301758 30
1706866614636 20.677837371826172 32
1706866614706 17.1322021484375 34
1706866614777 19.446083068847656 36
1706866614847 25.040630340576172 38
1706866614919 25.924152374267578 40
1706866614990 23.313617706298828 42
1706866615061 16.53563690185547 44
1706866615130 13.839648246765137 46
1706866615200 24.712005615234375 48
1706866615272 14.905466079711914 50
1706866615344 20.647844314575195 52
1706866615416 20.804813385009766 54
1706866615486 15.696527481079102 56
1706866615556 22.15194320678711 58
1706866615626 19.741565704345703 60
1706866615672 14.873190879821777 62
1706866615724 20.99928855895996 32
1706866615763 19.070785522460938 32
1706866615802 19.472156524658203 32
1706866615839 16.99700164794922 32
1706866615878 18.052339553833008 32
1706866615915 17.715408325195312 32
1706866615952 19.27007484436035 32
1706866615990 15.505348205566406 32
1706866616027 18.026391983032227 32
1706866616065 14.582632064819336 32
1706866616102 15.762365341186523 32
1706866616139 16.862085342407227 32
1706866616177 16.98929214477539 32
1706866616214 20.812416076660156 32
1706866616251 16.901100158691406 32
1706866616288 21.58523941040039 32
1706866616326 17.260391235351562 32
1706866616363 20.578977584838867 32
1706866616401 16.557201385498047 32
1706866616439 14.164766311645508 32
1706866616476 23.164926528930664 32
1706866616513 19.012531280517578 32
1706866616550 17.251182556152344 32
1706866616588 19.338253021240234 32
1706866616625 16.68126678466797 32
1706866616664 22.438392639160156 32
1706866616701 18.699567794799805 32
1706866616738 19.22584342956543 32
1706866616775 20.840076446533203 32
1706866616813 19.30998420715332 32
1706866616851 18.118135452270508 32
1706866616873 21.578397750854492 32
1706866617017 23.31614112854004 0
1706866617091 12.094890594482422 3
1706866617164 17.035335540771484 6
1706866617236 14.926910400390625 9
1706866617308 19.583045959472656 12
1706866617380 16.557405471801758 15
1706866617453 15.05445384979248 18
1706866617524 18.172897338867188 21
1706866617595 13.622064590454102 24
1706866617666 22.170467376708984 27
1706866617737 14.830900192260742 30
1706866617809 18.7357120513916 33
1706866617880 17.636280059814453 36
1706866617952 21.45807456970215 39
1706866618022 17.50754165649414 42
1706866618094 16.378910064697266 45
1706866618166 21.374004364013672 48
1706866618240 16.038728713989258 51
1706866618313 10.896805763244629 54
1706866618385 17.022907257080078 57
1706866618456 14.24212646484375 60
1706866618527 17.48180389404297 63
1706866618597 17.408546447753906 66
1706866618669 13.580958366394043 69
1706866618742 18.348949432373047 72
1706866618815 16.540996551513672 75
1706866618885 14.93199348449707 78
1706866618957 20.683837890625 81
1706866619027 18.198631286621094 84
1706866619099 14.868654251098633 87
1706866619170 17.093303680419922 90
1706866619217 12.961952209472656 93
1706866619268 22.71011734008789 64
1706866619308 15.670658111572266 64
1706866619348 14.881149291992188 64
1706866619386 12.981389999389648 64
1706866619424 14.531068801879883 64
1706866619461 13.356465339660645 64
1706866619499 15.861173629760742 64
1706866619537 16.30343246459961 64
1706866619574 17.464111328125 64
1706866619612 15.065007209777832 64
1706866619650 12.823062896728516 64
1706866619688 16.708158493041992 64
1706866619725 15.051145553588867 64
1706866619763 20.38664436340332 64
1706866619801 15.8068265914917 64
1706866619894 18.89915657043457 64
1706866619933 21.15194320678711 64
1706866619972 14.842500686645508 64
1706866620010 14.981990814208984 64
1706866620048 17.397127151489258 64
1706866620087 24.116683959960938 64
1706866620125 19.099899291992188 64
1706866620163 18.144914627075195 64
1706866620201 17.880949020385742 64
1706866620240 17.80754852294922 64
1706866620278 18.244754791259766 64
1706866620316 20.05813217163086 64
1706866620354 15.46100902557373 64
1706866620393 17.495609283447266 64
1706866620431 19.1281795501709 64
1706866620470 14.454082489013672 64
1706866620494 6.544866561889648 64
1706866620623 22.487497329711914 0
1706866620693 17.484682083129883 4
1706866620764 16.362300872802734 8
1706866620834 13.514768600463867 12
1706866620904 20.979015350341797 16
1706866620974 13.018533706665039 20
1706866621043 13.254935264587402 24
1706866621112 15.728997230529785 28
1706866621184 16.839975357055664 32
1706866621255 21.424327850341797 36
1706866621324 16.311006546020508 40
1706866621395 14.51215648651123 44
1706866621465 15.193941116333008 48
1706866621536 15.956522941589355 52
1706866621607 16.97605323791504 56
1706866621676 16.252702713012695 60
1706866621746 13.852731704711914 64
1706866621817 14.002674102783203 68
1706866621888 15.6669921875 72
1706866621958 12.265974044799805 76
1706866622029 14.31490421295166 80
1706866622099 21.28640365600586 84
1706866622168 11.693544387817383 88
1706866622238 15.074577331542969 92
1706866622307 12.688333511352539 96
1706866622376 11.999930381774902 100
1706866622446 16.61903190612793 104
1706866622516 13.43460464477539 108
1706866622586 14.523065567016602 112
1706866622694 17.240650177001953 116
1706866622769 13.140169143676758 120
1706866622873 15.104524612426758 124
1706866622920 16.119342803955078 96
1706866622959 11.889179229736328 96
1706866622999 14.805325508117676 96
1706866623039 10.246671676635742 96
1706866623075 12.851219177246094 96
1706866623114 13.680872917175293 96
1706866623155 12.490030288696289 96
1706866623192 15.266500473022461 96
1706866623231 15.187564849853516 96
1706866623271 10.238922119140625 96
1706866623309 11.777029037475586 96
1706866623347 12.116310119628906 96
1706866623387 12.03859806060791 96
1706866623424 14.042097091674805 96
1706866623463 12.60322380065918 96
1706866623503 16.87982749938965 96
1706866623540 16.996458053588867 96
1706866623579 11.166173934936523 96
1706866623619 11.910948753356934 96
1706866623656 12.9934720993042 96
1706866623695 19.83869171142578 96
1706866623735 14.323871612548828 96
1706866623772 11.799423217773438 96
1706866623812 11.067010879516602 96
1706866623852 15.277735710144043 96
1706866623889 15.401819229125977 96
1706866623928 16.34238624572754 96
1706866623968 11.28818130493164 96
1706866624005 13.330687522888184 96
1706866624043 13.555466651916504 96
1706866624083 12.618892669677734 96
1706866624106 11.968052864074707 96
1706866624176 12.174341201782227 0
1706866624247 16.067157745361328 5
1706866624318 16.774276733398438 10
1706866624386 8.063220024108887 15
1706866624458 18.335962295532227 20
1706866624528 17.553638458251953 25
1706866624598 13.072834014892578 30
1706866624667 13.057476043701172 35
1706866624735 10.389517784118652 40
1706866624804 18.76445770263672 45
1706866624874 15.583585739135742 50
1706866624944 13.749956130981445 55
1706866625013 17.150043487548828 60
1706866625082 12.415485382080078 65
1706866625150 13.578510284423828 70
1706866625220 17.057579040527344 75
1706866625289 15.094033241271973 80
1706866625360 11.178388595581055 85
1706866625430 16.315338134765625 90
1706866625500 18.587284088134766 95
1706866625570 12.668526649475098 100
1706866625640 11.763067245483398 105
1706866625710 12.930427551269531 110
1706866625780 16.308883666992188 115
1706866625848 12.734222412109375 120
1706866625919 19.139968872070312 125
1706866625988 15.075016975402832 130
1706866626057 11.785087585449219 135
1706866626127 13.56992244720459 140
1706866626196 15.300893783569336 145
1706866626265 10.42397689819336 150
1706866626311 16.40291976928711 155
1706866626361 18.475543975830078 128
1706866626399 10.714813232421875 128
1706866626496 10.577325820922852 128
1706866626538 9.401078224182129 128
1706866626578 14.732002258300781 128
1706866626618 13.959222793579102 128
1706866626659 10.812915802001953 128
1706866626699 12.866836547851562 128
1706866626739 12.39004898071289 128
1706866626781 14.278162002563477 128
1706866626819 10.88913631439209 128
1706866626915 12.44401741027832 128
1706866626957 14.30158519744873 128
1706866626996 18.582490921020508 128
1706866627036 13.936521530151367 128
1706866627108 13.460691452026367 128
1706866627157 16.792402267456055 128
1706866627203 10.67662525177002 128
1706866627248 14.624112129211426 128
1706866627286 12.707558631896973 128
1706866627325 17.055356979370117 128
1706866627366 17.258676528930664 128
1706866627403 13.505230903625488 128
1706866627442 13.535764694213867 128
1706866627483 11.70620059967041 128
1706866627520 12.361403465270996 128
1706866627560 15.185514450073242 128
1706866627602 12.314077377319336 128
1706866627639 11.474882125854492 128
1706866627679 13.848536491394043 128
1706866627719 10.740528106689453 128
1706866627743 5.7051825523376465 128
1706866627836 14.376232147216797 0
1706866627906 12.936702728271484 6
1706866627978 10.720765113830566 12
1706866628048 11.032443046569824 18
1706866628121 11.253490447998047 24
1706866628191 10.310419082641602 30
1706866628261 10.073700904846191 36
1706866628351 11.428670883178711 42
1706866628422 10.654556274414062 48
1706866628492 11.71183967590332 54
1706866628619 11.691093444824219 60
1706866628688 12.402652740478516 66
1706866628758 13.219972610473633 72
1706866628826 10.973764419555664 78
1706866628897 12.697347640991211 84
1706866628966 11.367105484008789 90
1706866629037 10.475824356079102 96
1706866629107 13.508113861083984 102
1706866629178 12.301511764526367 108
1706866629249 12.880926132202148 114
1706866629317 13.649162292480469 120
1706866629387 14.26280689239502 126
1706866629461 10.302724838256836 132
1706866629532 9.373649597167969 138
1706866629604 10.461517333984375 144
1706866629674 14.635765075683594 150
1706866629767 8.213619232177734 156
1706866629836 9.834144592285156 162
1706866629908 9.565593719482422 168
1706866629978 11.800405502319336 174
1706866630048 10.842931747436523 180
1706866630095 13.236448287963867 186
1706866630146 16.29829978942871 160
1706866630186 12.493622779846191 160
1706866630228 14.140796661376953 160
1706866630269 8.775322914123535 160
1706866630307 11.445100784301758 160
1706866630347 13.939605712890625 160
1706866630388 11.48240852355957 160
1706866630426 14.886621475219727 160
1706866630466 15.10704231262207 160
1706866630507 11.617984771728516 160
1706866630545 12.232900619506836 160
1706866630585 12.041377067565918 160
1706866630626 12.369009017944336 160
1706866630663 13.935352325439453 160
1706866630703 12.465152740478516 160
1706866630805 15.319719314575195 160
1706866630842 14.219025611877441 160
1706866630881 11.330141067504883 160
1706866630923 13.254729270935059 160
1706866630986 12.423171997070312 160
1706866631028 16.91368865966797 160
1706866631070 13.464832305908203 160
1706866631113 12.37063980102539 160
1706866631154 14.34670352935791 160
1706866631196 9.13696002960205 160
1706866631235 12.329583168029785 160
1706866631280 17.18535614013672 160
1706866631322 13.105978012084961 160
1706866631361 9.341222763061523 160
1706866631401 14.520866394042969 160
1706866631444 11.848604202270508 160
1706866631468 14.970735549926758 160
1706866631546 9.786725997924805 0
1706866631620 9.723770141601562 7
1706866631702 9.678462028503418 14
1706866631773 10.934207916259766 21
1706866631847 10.985275268554688 28
1706866631916 10.509718894958496 35
1706866631987 17.179784774780273 42
1706866632057 10.269487380981445 49
1706866632127 15.787424087524414 56
1706866632197 11.372296333312988 63
1706866632267 11.94720458984375 70
1706866632337 8.997579574584961 77
1706866632406 15.179510116577148 84
1706866632475 13.749878883361816 91
1706866632545 10.442996978759766 98
1706866632614 11.504374504089355 105
1706866632683 12.784951210021973 112
1706866632751 9.387434005737305 119
1706866632823 12.559646606445312 126
1706866632892 12.255535125732422 133
1706866632960 11.707174301147461 140
1706866633028 11.836292266845703 147
1706866633098 11.111483573913574 154
1706866633167 12.411078453063965 161
1706866633238 10.707958221435547 168
1706866633309 11.746319770812988 175
1706866633379 7.767736434936523 182
1706866633450 10.682180404663086 189
1706866633519 13.258459091186523 196
1706866633588 12.975251197814941 203
1706866633657 10.084260940551758 210
1706866633703 12.004884719848633 217
1706866633754 16.418193817138672 192
1706866633792 12.193851470947266 192
1706866633832 15.153122901916504 192
1706866633873 11.979732513427734 192
1706866633912 13.622248649597168 192
1706866633950 14.880205154418945 192
1706866633990 16.275341033935547 192
1706866634028 16.78680419921875 192
1706866634067 12.432246208190918 192
1706866634107 10.886144638061523 192
1706866634145 13.057087898254395 192
1706866634183 11.616872787475586 192
1706866634223 10.38066577911377 192
1706866634261 14.722440719604492 192
1706866634300 10.953917503356934 192
1706866634341 18.291494369506836 192
1706866634378 15.195573806762695 192
1706866634417 14.23960018157959 192
1706866634458 13.189851760864258 192
1706866634494 11.730032920837402 192
1706866634533 13.58991527557373 192
1706866634573 11.401447296142578 192
1706866634610 13.15141773223877 192
1706866634649 11.995471954345703 192
1706866634689 13.89926528930664 192
1706866634725 11.898626327514648 192
1706866634764 15.030168533325195 192
1706866634840 11.635327339172363 192
1706866634881 10.170989036560059 192
1706866634920 11.35903263092041 192
1706866634960 16.96988296508789 192
1706866634983 13.073195457458496 192
1706866635116 12.577085494995117 0
1706866635189 8.761554718017578 8
1706866635262 12.164902687072754 16
1706866635332 8.970325469970703 24
1706866635431 8.685714721679688 32
1706866635500 10.279815673828125 40
1706866635570 7.594232082366943 48
1706866635640 11.24203872680664 56
1706866635710 9.912181854248047 64
1706866635781 9.916805267333984 72
1706866635849 9.492605209350586 80
1706866635918 12.328231811523438 88
1706866635989 10.380572319030762 96
1706866636059 9.979564666748047 104
1706866636128 10.161748886108398 112
1706866636198 7.870545387268066 120
1706866636269 11.893835067749023 128
1706866636339 12.24113655090332 136
1706866636410 11.077106475830078 144
1706866636479 11.93518352508545 152
1706866636549 13.475255966186523 160
1706866636622 14.673744201660156 168
1706866636693 11.263941764831543 176
1706866636765 7.69599723815918 184
1706866636836 9.56497859954834 192
1706866636906 9.685338020324707 200
1706866636977 9.422183990478516 208
1706866637048 10.357671737670898 216
1706866637118 11.713029861450195 224
1706866637190 10.715682029724121 232
1706866637259 10.223640441894531 240
1706866637306 15.312685012817383 248
1706866637357 16.586883544921875 224
1706866637396 8.866323471069336 224
1706866637435 12.031726837158203 224
1706866637472 7.876739501953125 224
1706866637511 10.310416221618652 224
1706866637549 10.717100143432617 224
1706866637586 10.517996788024902 224
1706866637624 12.516973495483398 224
1706866637661 13.751521110534668 224
1706866637699 8.784896850585938 224
1706866637737 10.673004150390625 224
1706866637774 9.573663711547852 224
1706866637812 8.02072525024414 224
1706866637849 15.428760528564453 224
1706866637886 10.074578285217285 224
1706866637923 15.446540832519531 224
1706866637961 13.678122520446777 224
1706866637998 9.719095230102539 224
1706866638035 10.94973373413086 224
1706866638072 11.602724075317383 224
1706866638109 14.978915214538574 224
1706866638147 11.765040397644043 224
1706866638184 9.69631576538086 224
1706866638221 9.745491981506348 224
1706866638259 9.680418014526367 224
1706866638297 11.033578872680664 224
1706866638334 11.808761596679688 224
1706866638371 10.18460464477539 224
1706866638409 10.116100311279297 224
1706866638446 10.163264274597168 224
1706866638483 11.738333702087402 224
1706866638506 10.881498336791992 224
1706866638580 10.18016242980957 0
1706866638653 8.876883506774902 9
1706866638725 7.518056392669678 18
1706866638795 9.73854923248291 27
1706866638868 8.314184188842773 36
1706866638937 8.662027359008789 45
1706866639007 11.157537460327148 54
1706866639077 11.286731719970703 63
1706866639148 8.597877502441406 72
1706866639218 7.398924350738525 81
1706866639289 11.095657348632812 90
1706866639359 7.665762424468994 99
1706866639430 10.479875564575195 108
1706866639501 7.961501121520996 117
1706866639572 11.357992172241211 126
1706866639643 8.031612396240234 135
1706866639715 10.797283172607422 144
1706866639788 8.023214340209961 153
1706866639860 11.135099411010742 162
1706866639930 9.844532012939453 171
1706866639999 14.167387962341309 180
1706866640070 10.661645889282227 189
1706866640140 7.994391918182373 198
1706866640211 14.802892684936523 207
1706866640283 9.966657638549805 216
1706866640352 11.295246124267578 225
1706866640423 8.369930267333984 234
1706866640493 8.632875442504883 243
1706866640564 11.26636028289795 252
1706866640634 11.387913703918457 261
1706866640705 8.885566711425781 270
1706866640751 12.824516296386719 279
1706866640803 17.284744262695312 256
1706866640842 10.946081161499023 256
1706866640880 11.542069435119629 256
1706866640918 7.142602443695068 256
1706866640957 12.75229263305664 256
1706866640994 11.799856185913086 256
1706866641031 11.416275978088379 256
1706866641068 15.156026840209961 256
1706866641106 11.593935012817383 256
1706866641143 10.265745162963867 256
1706866641181 11.718709945678711 256
1706866641218 9.196603775024414 256
1706866641255 9.985675811767578 256
1706866641327 12.451231002807617 256
1706866641365 10.467239379882812 256
1706866641403 13.674213409423828 256
1706866641440 16.501201629638672 256
1706866641565 9.616877555847168 256
1706866641603 10.799951553344727 256
1706866641640 12.948270797729492 256
1706866641678 15.707306861877441 256
1706866641715 12.697444915771484 256
1706866641752 11.730449676513672 256
1706866641789 10.562744140625 256
1706866641826 8.832500457763672 256
1706866641863 11.842121124267578 256
1706866641900 18.337453842163086 256
1706866641938 9.826648712158203 256
1706866641975 9.067919731140137 256
1706866642012 12.522268295288086 256
1706866642049 9.935598373413086 256
1706866642072 12.82518482208252 256
1706866642166 8.542083740234375 0
1706866642237 8.91151237487793 10
1706866642308 6.964259147644043 20
1706866642381 11.147050857543945 30
1706866642452 9.888833999633789 40
1706866642522 8.302390098571777 50
1706866642594 12.789859771728516 60
1706866642663 12.929537773132324 70
1706866642733 10.527091979980469 80
1706866642803 11.314562797546387 90
1706866642873 10.132761001586914 100
1706866642943 8.557806015014648 110
1706866643015 9.644902229309082 120
1706866643085 7.57287073135376 130
1706866643156 7.323629379272461 140
1706866643226 8.138418197631836 150
1706866643297 7.642093181610107 160
1706866643367 7.067709922790527 170
1706866643437 11.682537078857422 180
1706866643507 9.964859008789062 190
1706866643578 9.156472206115723 200
1706866643653 8.977010726928711 210
1706866643726 9.593839645385742 220
1706866643795 8.31639289855957 230
1706866643866 10.948902130126953 240
1706866643935 8.594259262084961 250
1706866644005 10.264002799987793 260
1706866644075 12.128305435180664 270
1706866644146 11.45197582244873 280
1706866644215 10.194698333740234 290
1706866644286 9.489487648010254 300
1706866644332 12.020051956176758 310
1706866644383 13.769952774047852 288
1706866644423 11.093006134033203 288
1706866644462 12.55847454071045 288
1706866644499 8.595683097839355 288
1706866644537 9.202265739440918 288
1706866644575 11.530660629272461 288
1706866644613 9.728494644165039 288
1706866644650 12.27301025390625 288
1706866644688 14.259468078613281 288
1706866644726 8.141375541687012 288
1706866644763 10.13368034362793 288
1706866644801 8.443367004394531 288
1706866644839 8.898641586303711 288
1706866644876 14.074865341186523 288
1706866644914 8.400043487548828 288
1706866644952 13.76108455657959 288
1706866644989 12.365205764770508 288
1706866645027 10.21749496459961 288
1706866645064 10.15792465209961 288
1706866645102 8.713058471679688 288
1706866645141 17.751253128051758 288
1706866645179 12.026090621948242 288
1706866645217 9.820585250854492 288
1706866645262 12.342369079589844 288
1706866645300 9.178653717041016 288
1706866645337 12.42568588256836 288
1706866645375 13.999567031860352 288
1706866645412 9.912607192993164 288
1706866645450 11.744624137878418 288
1706866645488 11.347745895385742 288
1706866645526 10.915079116821289 288
1706866645549 13.729573249816895 288
