1706866609878 943.93994140625 0
1706866609970 1380.41650390625 1
1706866610054 1263.9599609375 2
1706866610140 1882.4791259765625 3
1706866610212 1428.669677734375 4
1706866610284 1426.4140625 5
1706866610356 1728.6463623046875 6
1706866610426 1542.099365234375 7
1706866610497 1643.4163818359375 8
1706866610568 1526.492919921875 9
1706866610638 1380.663818359375 10
1706866610710 869.881103515625 11
1706866610782 1419.2799072265625 12
1706866610852 917.17578125 13
1706866610920 1069.892333984375 14
1706866610992 1593.32861328125 15
1706866611065 1495.64501953125 16
1706866611135 1472.096435546875 17
1706866611206 1221.181884765625 18
1706866611276 1461.27001953125 19
1706866611345 1319.72509765625 20
1706866611415 1575.2197265625 21
1706866611485 1612.639404296875 22
1706866611556 1333.986083984375 23
1706866611626 900.662841796875 24
1706866611696 1182.7386474609375 25
1706866611765 1209.2626953125 26
1706866611835 1374.3262939453125 27
1706866611905 1013.6070556640625 28
1706866611974 1545.475341796875 29
1706866612045 806.756103515625 30
1706866612175 855.2696533203125 31
1706866613512 956.2661743164062 0
1706866613584 992.5906372070312 2
1706866613657 1129.79931640625 4
1706866613728 512.594970703125 6
1706866613799 1012.5429077148438 8
1706866613870 905.8070068359375 10
1706866613940 642.1558837890625 12
1706866614012 1289.3646240234375 14
1706866614082 1105.0662841796875 16
1706866614153 931.9842529296875 18
1706866614223 1458.03857421875 20
1706866614293 1346.63037109375 22
1706866614363 1118.0931396484375 24
1706866614435 997.9288330078125 26
1706866614507 1325.386962890625 28
1706866614578 1040.67578125 30
1706866614648 799.0341796875 32
1706866614718 591.69140625 34
1706866614789 744.29638671875 36
1706866614859 1191.807373046875 38
1706866614931 1154.00537109375 40
1706866615001 937.525390625 42
1706866615072 486.16558837890625 44
1706866615142 441.23162841796875 46
1706866615212 966.899658203125 48
1706866615284 486.4967956542969 50
1706866615356 759.4571533203125 52
1706866615427 890.146240234375 54
1706866615498 554.0192260742188 56
1706866615567 950.8974609375 58
1706866615638 681.93701171875 60
1706866615684 436.71954345703125 62
1706866617029 999.4083251953125 0
1706866617103 299.0370178222656 3
1706866617176 547.2752685546875 6
1706866617248 377.88018798828125 9
1706866617319 750.34130859375 12
1706866617392 450.3572082519531 15
1706866617465 477.9668273925781 18
1706866617536 641.7198486328125 21
1706866617606 459.2984619140625 24
1706866617677 899.0086669921875 27
1706866617748 396.3955078125 30
1706866617821 694.1201782226562 33
1706866617892 602.2017822265625 36
1706866617963 746.2955322265625 39
1706866618034 688.7015380859375 42
1706866618106 492.616943359375 45
1706866618178 717.9117431640625 48
1706866618251 527.2962646484375 51
1706866618324 201.19638061523438 54
1706866618396 502.96173095703125 57
1706866618468 522.331298828125 60
1706866618538 599.4039916992188 63
1706866618608 540.9846801757812 66
1706866618681 289.6710205078125 69
1706866618753 577.2877197265625 72
1706866618826 373.6484375 75
1706866618896 367.12139892578125 78
1706866618968 717.118408203125 81
1706866619038 597.5846557617188 84
1706866619110 407.55133056640625 87
1706866619182 492.11761474609375 90
1706866619229 288.2247314453125 93
1706866620635 845.3223876953125 0
1706866620705 504.7973327636719 4
1706866620776 457.0588073730469 8
1706866620846 288.587890625 12
1706866620916 691.4600830078125 16
1706866620986 403.470703125 20
1706866621055 313.21490478515625 24
1706866621125 379.4087219238281 28
1706866621196 468.9416809082031 32
1706866621267 729.298583984375 36
1706866621336 540.7974853515625 40
1706866621407 438.6541748046875 44
1706866621478 376.571533203125 48
1706866621548 407.89666748046875 52
1706866621619 590.8594360351562 56
1706866621688 387.6693115234375 60
1706866621758 393.62164306640625 64
1706866621829 413.31707763671875 68
1706866621899 498.0351257324219 72
1706866621970 276.8426818847656 76
1706866622040 390.0685119628906 80
1706866622111 701.8570556640625 84
1706866622180 243.44573974609375 88
1706866622249 417.20111083984375 92
1706866622318 259.1680908203125 96
1706866622388 269.0797119140625 100
1706866622457 499.8498840332031 104
1706866622527 353.6817626953125 108
1706866622600 432.7432861328125 112
1706866622708 511.1315612792969 116
1706866622782 292.56561279296875 120
1706866622884 452.1228942871094 124
1706866624188 293.3646240234375 0
1706866624259 475.5820617675781 5
1706866624330 470.8274230957031 10
1706866624398 109.27494812011719 15
1706866624469 602.5206298828125 20
1706866624540 495.65411376953125 25
1706866624609 308.25390625 30
1706866624678 335.3921203613281 35
1706866624746 204.7312469482422 40
1706866624815 623.4036865234375 45
1706866624885 432.2439880371094 50
1706866624955 350.9385681152344 55
1706866625025 450.8304443359375 60
1706866625093 270.0509338378906 65
1706866625162 320.58074951171875 70
1706866625232 514.7962646484375 75
1706866625300 410.49505615234375 80
1706866625372 225.56210327148438 85
1706866625442 480.4111022949219 90
1706866625511 628.690185546875 95
1706866625581 271.0517578125 100
1706866625651 326.0061950683594 105
1706866625722 270.2901916503906 110
1706866625791 396.3211975097656 115
1706866625859 251.16769409179688 120
1706866625930 564.1195678710938 125
1706866625999 378.7062072753906 130
1706866626069 297.01019287109375 135
1706866626139 293.427978515625 140
1706866626208 400.2171630859375 145
1706866626277 227.4439697265625 150
1706866626322 411.18817138671875 155
1706866627848 444.84735107421875 0
1706866627918 273.5291442871094 6
1706866627989 212.89990234375 12
1706866628060 205.25857543945312 18
1706866628133 218.1309814453125 24
1706866628203 221.67529296875 30
1706866628275 257.9449462890625 36
1706866628363 244.5967559814453 42
1706866628434 288.5176696777344 48
1706866628504 220.533203125 54
1706866628631 270.32830810546875 60
1706866628700 296.6357421875 66
1706866628769 303.89056396484375 72
1706866628838 236.9228515625 78
1706866628909 336.1007385253906 84
1706866628978 235.81576538085938 90
1706866629049 187.4263153076172 96
1706866629118 335.59735107421875 102
1706866629190 267.02154541015625 108
1706866629260 331.57373046875 114
1706866629329 358.67938232421875 120
1706866629400 392.887939453125 126
1706866629473 242.07131958007812 132
1706866629544 149.08773803710938 138
1706866629616 170.26821899414062 144
1706866629687 335.7976989746094 150
1706866629779 187.424072265625 156
1706866629848 148.06304931640625 162
1706866629921 239.336181640625 168
1706866629990 278.11102294921875 174
1706866630060 205.9195098876953 180
1706866630106 424.3155517578125 186
1706866631559 181.44000244140625 0
1706866631633 170.32220458984375 7
1706866631714 183.31521606445312 14
1706866631784 227.5020751953125 21
1706866631858 223.68759155273438 28
1706866631928 187.8780975341797 35
1706866631999 617.1036376953125 42
1706866632068 202.1818389892578 49
1706866632139 368.912109375 56
1706866632209 230.68359375 63
1706866632279 215.04110717773438 70
1706866632349 170.1630859375 77
1706866632418 538.8145751953125 84
1706866632487 325.0906677246094 91
1706866632556 185.76034545898438 98
1706866632625 221.68533325195312 105
1706866632694 306.41180419921875 112
1706866632762 170.97793579101562 119
1706866632835 329.1886291503906 126
1706866632903 264.79034423828125 133
1706866632972 268.6382751464844 140
1706866633040 293.2010498046875 147
1706866633110 216.62112426757812 154
1706866633179 319.576171875 161
1706866633250 244.7061767578125 168
1706866633321 271.8304443359375 175
1706866633391 131.784912109375 182
1706866633462 223.70895385742188 189
1706866633531 313.3039855957031 196
1706866633600 334.0111083984375 203
1706866633669 193.70054626464844 210
1706866633715 227.37081909179688 217
1706866635128 229.15196228027344 0
1706866635201 164.8610076904297 8
1706866635273 319.07513427734375 16
1706866635346 178.29519653320312 24
1706866635443 162.06497192382812 32
1706866635512 236.57525634765625 40
1706866635582 115.79794311523438 48
1706866635651 209.5049591064453 56
1706866635723 201.899658203125 64
1706866635793 231.38719177246094 72
1706866635861 181.0337371826172 80
1706866635930 288.8318176269531 88
1706866636001 202.18310546875 96
1706866636071 153.62747192382812 104
1706866636140 202.75128173828125 112
1706866636210 127.24043273925781 120
1706866636281 300.12750244140625 128
1706866636351 306.9796142578125 136
1706866636421 332.5770263671875 144
1706866636491 306.87371826171875 152
1706866636561 324.4942321777344 160
1706866636633 370.99945068359375 168
1706866636705 260.65313720703125 176
1706866636777 144.41973876953125 184
1706866636848 214.08810424804688 192
1706866636918 200.88560485839844 200
1706866636990 201.97659301757812 208
1706866637060 176.8350830078125 216
1706866637130 281.3907775878906 224
1706866637201 273.36767578125 232
1706866637271 204.73452758789062 240
1706866637317 455.3376770019531 248
1706866638592 202.6400146484375 0
1706866638664 157.6605987548828 9
1706866638737 115.8104476928711 18
1706866638807 181.4310302734375 27
1706866638880 123.1876220703125 36
1706866638950 179.50869750976562 45
1706866639019 235.15542602539062 54
1706866639089 264.63421630859375 63
1706866639160 132.41961669921875 72
1706866639230 132.0398406982422 81
1706866639301 284.935302734375 90
1706866639371 103.99813842773438 99
1706866639442 253.45767211914062 108
1706866639513 111.64076232910156 117
1706866639584 244.87167358398438 126
1706866639655 120.62447357177734 135
1706866639727 208.31796264648438 144
1706866639800 143.99481201171875 153
1706866639872 199.55789184570312 162
1706866639942 156.21066284179688 171
1706866640011 335.5555114746094 180
1706866640082 223.20651245117188 189
1706866640152 128.01800537109375 198
1706866640223 496.546630859375 207
1706866640295 198.99319458007812 216
1706866640365 286.6676025390625 225
1706866640435 128.4276885986328 234
1706866640505 118.95585632324219 243
1706866640576 245.08169555664062 252
1706866640646 247.28753662109375 261
1706866640717 149.6318817138672 270
1706866640763 315.8319396972656 279
1706866642178 131.99607849121094 0
1706866642249 144.0547637939453 10
1706866642320 88.30300903320312 20
1706866642393 231.08139038085938 30
1706866642464 181.22183227539062 40
1706866642534 139.1071319580078 50
1706866642605 340.79034423828125 60
1706866642675 329.4344787597656 70
1706866642746 235.500732421875 80
1706866642815 198.92691040039062 90
1706866642885 170.7625274658203 100
1706866642955 132.5219268798828 110
1706866643026 208.20262145996094 120
1706866643097 106.66192626953125 130
1706866643168 114.54609680175781 140
1706866643238 139.7869873046875 150
1706866643309 116.16990661621094 160
1706866643379 92.70075225830078 170
1706866643449 249.15933227539062 180
1706866643518 195.174560546875 190
1706866643590 154.72161865234375 200
1706866643665 196.41244506835938 210
1706866643738 152.27239990234375 220
1706866643807 138.5320587158203 230
1706866643878 294.23004150390625 240
1706866643947 160.47674560546875 250
1706866644017 189.30531311035156 260
1706866644087 304.1934814453125 270
1706866644158 241.23385620117188 280
1706866644227 315.68768310546875 290
1706866644297 172.2613525390625 300
1706866644344 187.17001342773438 310
