1706865824049 27.350444793701172 0
1706865824137 37.15617370605469 1
1706865824224 29.083580017089844 2
1706865824302 38.839599609375 3
1706865824380 23.300235748291016 4
1706865824451 30.024642944335938 5
1706865824524 30.452632904052734 6
1706865824594 31.727432250976562 7
1706865824665 27.39569854736328 8
1706865824736 20.646469116210938 9
1706865824806 41.77159118652344 10
1706865824874 29.46195411682129 11
1706865824944 26.53905487060547 12
1706865825013 25.57097625732422 13
1706865825083 28.39875030517578 14
1706865825153 29.327030181884766 15
1706865825224 25.604984283447266 16
1706865825294 30.7027530670166 17
1706865825364 25.123598098754883 18
1706865825434 26.265323638916016 19
1706865825503 25.690082550048828 20
1706865825572 27.913543701171875 21
1706865825640 19.621660232543945 22
1706865825710 23.343521118164062 23
1706865825780 24.786033630371094 24
1706865825848 20.027360916137695 25
1706865825918 27.265644073486328 26
1706865825988 28.434722900390625 27
1706865826056 17.059524536132812 28
1706865826126 28.443279266357422 29
1706865826195 26.414817810058594 30
1706865826325 20.005495071411133 31
