1706865824032 27.350444793701172 0
1706865824128 37.15617370605469 1
1706865824216 29.083580017089844 2
1706865824293 38.839599609375 3
1706865824372 23.300235748291016 4
1706865824443 30.024642944335938 5
1706865824516 30.452632904052734 6
1706865824586 31.727432250976562 7
1706865824657 27.39569854736328 8
1706865824728 20.646469116210938 9
1706865824797 41.77159118652344 10
1706865824866 29.46195411682129 11
1706865824936 26.53905487060547 12
1706865825005 25.57097625732422 13
1706865825075 28.39875030517578 14
1706865825145 29.327030181884766 15
1706865825216 25.604984283447266 16
1706865825286 30.7027530670166 17
1706865825356 25.123598098754883 18
1706865825426 26.265323638916016 19
1706865825495 25.690082550048828 20
1706865825564 27.913543701171875 21
1706865825633 19.621660232543945 22
1706865825702 23.343521118164062 23
1706865825772 24.786033630371094 24
1706865825840 20.027360916137695 25
1706865825910 27.265644073486328 26
1706865825980 28.434722900390625 27
1706865826048 17.059524536132812 28
1706865826118 28.443279266357422 29
1706865826187 26.414817810058594 30
1706865826317 20.005495071411133 31
1706865826368 29.12999725341797 0
1706865826407 30.567501068115234 0
1706865826446 30.833961486816406 0
1706865826483 21.176042556762695 0
1706865826521 25.170310974121094 0
1706865826557 25.31749725341797 0
1706865826595 24.29364585876465 0
1706865826632 33.420310974121094 0
1706865826669 29.61520767211914 0
1706865826707 26.903854370117188 0
1706865826744 24.137393951416016 0
1706865826781 26.380001068115234 0
1706865826818 24.887393951416016 0
1706865826858 28.0362491607666 0
1706865826895 21.122604370117188 0
1706865826933 34.43510437011719 0
1706865826970 29.122600555419922 0
1706865827008 31.339689254760742 0
1706865827046 26.55270767211914 0
1706865827083 30.403854370117188 0
1706865827121 36.396461486816406 0
1706865827162 27.25499725341797 0
1706865827199 28.536251068115234 0
1706865827237 23.808435440063477 0
1706865827274 26.33968734741211 0
1706865827311 28.37999725341797 0
1706865827349 28.387393951416016 0
1706865827393 25.58968734741211 0
1706865827431 29.442501068115234 0
1706865827469 28.433435440063477 0
1706865827506 24.488542556762695 0
1706865827530 29.4112491607666 0
