1706865824053 1334.7503662109375 0
1706865824139 2066.78662109375 1
1706865824227 1558.43408203125 2
1706865824304 2245.662109375 3
1706865824383 1098.9459228515625 4
1706865824454 1657.513427734375 5
1706865824527 1529.558349609375 6
1706865824598 1672.328857421875 7
1706865824668 1265.889892578125 8
1706865824738 725.525146484375 9
1706865824808 2406.716064453125 10
1706865824877 1499.6888427734375 11
1706865824947 1233.05078125 12
1706865825016 1160.83251953125 13
1706865825086 1396.6549072265625 14
1706865825156 1394.0836181640625 15
1706865825227 1095.8521728515625 16
1706865825297 1554.2978515625 17
1706865825367 1069.5323486328125 18
1706865825437 1222.920654296875 19
1706865825506 1202.6151123046875 20
1706865825575 1277.0269775390625 21
1706865825643 740.7938232421875 22
1706865825713 1086.778076171875 23
1706865825783 1134.4404296875 24
1706865825851 772.5944213867188 25
1706865825921 1526.4979248046875 26
1706865825991 1328.823486328125 27
1706865826058 550.8902587890625 28
1706865826129 1315.32568359375 29
1706865826198 1149.971923828125 30
1706865826328 1050.6654052734375 31
