1706867028302 35.805206298828125 0
1706867028388 26.82474136352539 1
1706867028471 32.161529541015625 2
1706867028547 31.2955322265625 3
1706867028623 27.71247673034668 4
1706867028695 34.82356262207031 5
1706867028766 28.18828010559082 6
1706867028836 30.085050582885742 7
1706867028906 21.412616729736328 8
1706867028975 27.980690002441406 9
1706867029044 27.837955474853516 10
1706867029114 19.15015411376953 11
1706867029183 24.91014862060547 12
1706867029254 28.135433197021484 13
1706867029323 32.54781723022461 14
1706867029393 25.923904418945312 15
1706867029461 24.718339920043945 16
1706867029531 31.770456314086914 17
1706867029601 31.578659057617188 18
1706867029670 22.702102661132812 19
1706867029742 28.42888641357422 20
1706867029814 33.602230072021484 21
1706867029885 30.776233673095703 22
1706867029955 26.56232452392578 23
1706867030024 29.198179244995117 24
1706867030095 27.56153106689453 25
1706867030166 21.15802764892578 26
1706867030235 23.057762145996094 27
1706867030304 20.61868667602539 28
1706867030375 24.091726303100586 29
1706867030445 29.470767974853516 30
1706867030574 10.928876876831055 31
1706867031900 32.866233825683594 0
1706867031972 27.339611053466797 2
1706867032041 23.22344970703125 4
1706867032112 19.9731388092041 6
1706867032181 18.534561157226562 8
1706867032251 23.15570831298828 10
1706867032320 24.624160766601562 12
1706867032387 22.254512786865234 14
1706867032456 20.278457641601562 16
1706867032525 24.25794792175293 18
1706867032594 20.687759399414062 20
1706867032663 22.687698364257812 22
1706867032731 24.313610076904297 24
1706867032800 28.15911865234375 26
1706867032869 21.399364471435547 28
1706867032937 16.304418563842773 30
1706867033006 25.883960723876953 32
1706867033074 20.674880981445312 34
1706867033142 22.283676147460938 36
1706867033210 22.1519832611084 38
1706867033280 23.09522247314453 40
1706867033350 20.220149993896484 42
1706867033417 23.013811111450195 44
1706867033506 20.76045036315918 46
1706867033575 20.019441604614258 48
1706867033644 22.702964782714844 50
1706867033712 29.166139602661133 52
1706867033781 16.411319732666016 54
1706867033849 18.25605583190918 56
1706867033919 23.769010543823242 58
1706867033988 18.659175872802734 60
1706867034092 11.735864639282227 62
1706867035524 18.816097259521484 0
1706867035614 19.15505027770996 3
1706867035685 18.411483764648438 6
1706867035755 19.48025894165039 9
1706867035825 16.594524383544922 12
1706867035894 21.958919525146484 15
1706867035963 22.41783905029297 18
1706867036034 16.742591857910156 21
1706867036104 18.48761558532715 24
1706867036175 18.566688537597656 27
1706867036247 15.465794563293457 30
1706867036318 16.046710968017578 33
1706867036390 21.249940872192383 36
1706867036461 22.443174362182617 39
1706867036530 18.843027114868164 42
1706867036599 26.896095275878906 45
1706867036669 20.287342071533203 48
1706867036739 20.86412239074707 51
1706867036809 16.61302947998047 54
1706867036879 23.106075286865234 57
1706867036951 19.725786209106445 60
1706867037022 19.73850440979004 63
1706867037093 22.095474243164062 66
1706867037164 16.840911865234375 69
1706867037235 18.45207977294922 72
1706867037305 19.15045166015625 75
1706867037374 19.786293029785156 78
1706867037446 19.26089096069336 81
1706867037531 16.114437103271484 84
1706867037603 17.012426376342773 87
1706867037673 18.968189239501953 90
1706867037720 21.484256744384766 93
1706867039157 18.623031616210938 0
1706867039228 17.68886375427246 4
1706867039300 22.375207901000977 8
1706867039369 19.059368133544922 12
1706867039439 20.06169319152832 16
1706867039510 16.519859313964844 20
1706867039579 18.473264694213867 24
1706867039648 18.87942123413086 28
1706867039720 19.624649047851562 32
1706867039790 18.504348754882812 36
1706867039862 18.57699966430664 40
1706867039931 14.693971633911133 44
1706867040002 18.628711700439453 48
1706867040073 16.988216400146484 52
1706867040145 20.018884658813477 56
1706867040222 24.0747127532959 60
1706867040316 13.702824592590332 64
1706867040388 16.619300842285156 68
1706867040460 18.107879638671875 72
1706867040531 20.848461151123047 76
1706867040601 17.020912170410156 80
1706867040671 17.48213768005371 84
1706867040740 16.924114227294922 88
1706867040811 13.356096267700195 92
1706867040884 19.315017700195312 96
1706867040954 18.314329147338867 100
1706867041024 18.42818832397461 104
1706867041097 18.645233154296875 108
1706867041186 15.797483444213867 112
1706867041284 21.03990936279297 116
1706867041356 17.842260360717773 120
1706867041404 14.167449951171875 124
1706867042781 13.576390266418457 0
1706867042851 17.12238311767578 5
1706867042921 17.72347640991211 10
1706867042990 16.68059539794922 15
1706867043060 16.991069793701172 20
1706867043129 20.215723037719727 25
1706867043199 13.957466125488281 30
1706867043268 18.396774291992188 35
1706867043339 12.209674835205078 40
1706867043409 18.669471740722656 45
1706867043479 18.34311294555664 50
1706867043552 15.574989318847656 55
1706867043622 12.188925743103027 60
1706867043693 13.84779167175293 65
1706867043763 18.25465965270996 70
1706867043835 20.479055404663086 75
1706867043906 17.445890426635742 80
1706867043977 23.695859909057617 85
1706867044048 15.122186660766602 90
1706867044118 17.275772094726562 95
1706867044190 15.395721435546875 100
1706867044260 18.983734130859375 105
1706867044329 16.74344253540039 110
1706867044399 11.187858581542969 115
1706867044468 14.52621841430664 120
1706867044538 14.098196029663086 125
1706867044607 15.91679859161377 130
1706867044677 14.298717498779297 135
1706867044746 15.612908363342285 140
1706867044817 14.936120986938477 145
1706867044886 12.977849960327148 150
1706867044931 17.067350387573242 155
1706867046336 13.685858726501465 0
1706867046405 10.892044067382812 6
1706867046477 9.299140930175781 12
1706867046546 12.002056121826172 18
1706867046617 15.87063980102539 24
1706867046689 11.801156044006348 30
1706867046760 11.722953796386719 36
1706867046831 11.606100082397461 42
1706867046903 13.28449535369873 48
1706867046972 9.748289108276367 54
1706867047043 15.657967567443848 60
1706867047114 15.459047317504883 66
1706867047185 12.313642501831055 72
1706867047281 11.360681533813477 78
1706867047350 11.811668395996094 84
1706867047419 13.861820220947266 90
1706867047489 11.723337173461914 96
1706867047558 11.212464332580566 102
1706867047629 16.089847564697266 108
1706867047699 15.119268417358398 114
1706867047770 10.678573608398438 120
1706867047841 15.57647705078125 126
1706867047911 13.028284072875977 132
1706867047980 15.549278259277344 138
1706867048049 17.42892074584961 144
1706867048119 10.500100135803223 150
1706867048189 9.590225219726562 156
1706867048260 16.824020385742188 162
1706867048330 13.424806594848633 168
1706867048400 13.513961791992188 174
1706867048496 13.724618911743164 180
1706867048543 24.66016960144043 186
1706867050064 10.011136054992676 0
1706867050163 12.756767272949219 7
1706867050242 10.935591697692871 14
1706867050317 9.728092193603516 21
1706867050390 11.019050598144531 28
1706867050464 12.391305923461914 35
1706867050538 15.04295539855957 42
1706867050609 12.413498878479004 49
1706867050680 10.74583625793457 56
1706867050755 14.55734920501709 63
1706867050827 14.664007186889648 70
1706867050898 12.402179718017578 77
1706867050967 9.24227523803711 84
1706867051037 15.171874046325684 91
1706867051107 13.274226188659668 98
1706867051180 12.774423599243164 105
1706867051251 12.732217788696289 112
1706867051323 13.155526161193848 119
1706867051393 10.791648864746094 126
1706867051465 13.435768127441406 133
1706867051559 11.08236026763916 140
1706867051629 10.838193893432617 147
1706867051701 12.518823623657227 154
1706867051771 11.082868576049805 161
1706867051842 13.627079963684082 168
1706867051913 9.505813598632812 175
1706867051983 9.768579483032227 182
1706867052055 9.231847763061523 189
1706867052126 10.502586364746094 196
1706867052198 11.364721298217773 203
1706867052267 12.493278503417969 210
1706867052313 12.446922302246094 217
1706867053706 9.963162422180176 0
1706867053777 9.718594551086426 8
1706867053847 7.715322494506836 16
1706867053918 12.62989616394043 24
1706867053988 8.908820152282715 32
1706867054058 10.864869117736816 40
1706867054127 9.236095428466797 48
1706867054197 8.770381927490234 56
1706867054267 9.850931167602539 64
1706867054336 8.201108932495117 72
1706867054406 11.337148666381836 80
1706867054476 7.541983604431152 88
1706867054548 9.01162052154541 96
1706867054617 10.658472061157227 104
1706867054688 10.599416732788086 112
1706867054757 12.622018814086914 120
1706867054827 17.02457618713379 128
1706867054902 8.845590591430664 136
1706867054973 9.876447677612305 144
1706867055045 8.72336196899414 152
1706867055114 9.526785850524902 160
1706867055184 14.125104904174805 168
1706867055254 12.041918754577637 176
1706867055324 12.225017547607422 184
1706867055394 11.494331359863281 192
1706867055463 12.040603637695312 200
1706867055534 11.35107421875 208
1706867055604 10.477792739868164 216
1706867055674 10.664290428161621 224
1706867055745 12.233141899108887 232
1706867055815 6.016059875488281 240
1706867055861 16.3088321685791 248
1706867057198 10.43463134765625 0
1706867057269 5.976553916931152 9
1706867057338 7.966821193695068 18
1706867057408 7.44528865814209 27
1706867057479 9.0439453125 36
1706867057550 13.825248718261719 45
1706867057620 10.629185676574707 54
1706867057692 12.423543930053711 63
1706867057763 8.14309310913086 72
1706867057834 12.056143760681152 81
1706867057903 7.338330268859863 90
1706867057972 11.911975860595703 99
1706867058044 10.86843490600586 108
1706867058114 13.47941780090332 117
1706867058184 11.592824935913086 126
1706867058253 12.15802001953125 135
1706867058324 8.698266983032227 144
1706867058393 11.418498992919922 153
1706867058463 12.148164749145508 162
1706867058536 11.401201248168945 171
1706867058607 9.048296928405762 180
1706867058678 9.239099502563477 189
1706867058747 12.416022300720215 198
1706867058817 11.691274642944336 207
1706867058888 11.047061920166016 216
1706867058957 6.386745452880859 225
1706867059028 6.933884620666504 234
1706867059097 11.042181015014648 243
1706867059170 13.190956115722656 252
1706867059242 9.306482315063477 261
1706867059311 8.060966491699219 270
1706867059357 19.36335563659668 279
1706867060694 9.967453002929688 0
1706867060766 9.083175659179688 10
1706867060835 9.345968246459961 20
1706867060907 11.709355354309082 30
1706867060980 11.98104190826416 40
1706867061051 10.788654327392578 50
1706867061123 10.084637641906738 60
1706867061192 8.97195053100586 70
1706867061263 7.260496139526367 80
1706867061332 8.002737045288086 90
1706867061402 8.529966354370117 100
1706867061475 11.311758041381836 110
1706867061548 12.14893913269043 120
1706867061618 7.165946960449219 130
1706867061687 9.163398742675781 140
1706867061759 9.495794296264648 150
1706867061829 9.427817344665527 160
1706867061899 11.522090911865234 170
1706867061969 9.469863891601562 180
1706867062039 11.0296049118042 190
1706867062109 9.757436752319336 200
1706867062179 9.830239295959473 210
1706867062251 9.845000267028809 220
1706867062322 9.270217895507812 230
1706867062401 7.973846435546875 240
1706867062471 8.000167846679688 250
1706867062541 7.2021379470825195 260
1706867062611 8.791969299316406 270
1706867062681 10.204713821411133 280
1706867062752 16.238201141357422 290
1706867062821 12.208409309387207 300
1706867062867 11.833003997802734 310
1706867064214 8.417561531066895 0
1706867064286 9.719261169433594 11
1706867064355 10.051207542419434 22
1706867064438 11.917475700378418 33
1706867064545 9.850789070129395 44
1706867064615 10.415876388549805 55
1706867064686 12.597173690795898 66
1706867064761 9.120523452758789 77
1706867064833 10.08226203918457 88
1706867064902 9.929448127746582 99
1706867064994 11.206198692321777 110
1706867065064 8.10363483428955 121
1706867065135 12.49725341796875 132
1706867065205 10.560251235961914 143
1706867065275 8.8837890625 154
1706867065344 9.373779296875 165
1706867065414 9.248432159423828 176
1706867065483 10.017663955688477 187
1706867065554 10.808629035949707 198
1706867065626 7.3115386962890625 209
1706867065696 10.84640884399414 220
1706867065766 7.481467247009277 231
1706867065835 9.004770278930664 242
1706867065906 9.698493957519531 253
1706867065975 11.755128860473633 264
1706867066045 11.43647575378418 275
1706867066114 10.310583114624023 286
1706867066184 10.370464324951172 297
1706867066255 7.728448390960693 308
1706867066325 10.007831573486328 319
1706867066396 10.043790817260742 330
1706867066442 18.98647689819336 341
1706867067749 10.394295692443848 0
1706867067818 10.482430458068848 12
1706867067887 8.191146850585938 24
1706867067957 8.876569747924805 36
1706867068026 9.904289245605469 48
1706867068095 9.230661392211914 60
1706867068165 6.265185356140137 72
1706867068234 8.22104263305664 84
1706867068305 8.46302604675293 96
1706867068374 9.096768379211426 108
1706867068444 9.227583885192871 120
1706867068513 8.186029434204102 132
1706867068584 8.179330825805664 144
1706867068653 6.765678405761719 156
1706867068723 7.69381856918335 168
1706867068792 8.979645729064941 180
1706867068862 6.998218059539795 192
1706867068932 7.062873363494873 204
1706867069003 9.364690780639648 216
1706867069072 8.092850685119629 228
1706867069142 7.375472068786621 240
1706867069211 8.048697471618652 252
1706867069281 10.341346740722656 264
1706867069350 8.926867485046387 276
1706867069420 8.67486572265625 288
1706867069491 8.568723678588867 300
1706867069564 9.169536590576172 312
1706867069635 8.820596694946289 324
1706867069706 10.549408912658691 336
1706867069776 5.787667274475098 348
1706867069847 7.514617919921875 360
1706867069893 15.04373550415039 372
1706867071262 7.32131290435791 0
1706867071333 9.378318786621094 13
1706867071403 10.714338302612305 26
1706867071473 9.306941986083984 39
1706867071545 9.213502883911133 52
1706867071617 8.304813385009766 65
1706867071690 7.376236915588379 78
1706867071761 8.983978271484375 91
1706867071834 7.293035507202148 104
1706867071919 9.320732116699219 117
1706867071990 10.435298919677734 130
1706867072061 9.104961395263672 143
1706867072132 7.272088050842285 156
1706867072201 11.709834098815918 169
1706867072273 7.528165817260742 182
1706867072343 6.769143581390381 195
1706867072437 8.549562454223633 208
1706867072505 6.489084243774414 221
1706867072575 11.987744331359863 234
1706867072645 7.705914497375488 247
1706867072750 10.255664825439453 260
1706867072820 8.050647735595703 273
1706867072889 10.084518432617188 286
1706867072960 8.581525802612305 299
1706867073031 10.16939926147461 312
1706867073099 5.192953586578369 325
1706867073169 6.692062854766846 338
1706867073240 11.092352867126465 351
1706867073310 5.600315093994141 364
1706867073381 8.587942123413086 377
1706867073454 6.435303688049316 390
1706867073501 6.863161087036133 403
1706867074865 7.679572105407715 0
1706867074934 6.2592644691467285 14
1706867075005 8.98843002319336 28
1706867075076 7.198609828948975 42
1706867075147 6.270904541015625 56
1706867075217 8.087835311889648 70
1706867075287 6.786730766296387 84
1706867075361 6.619853496551514 98
1706867075432 7.159299850463867 112
1706867075502 9.360333442687988 126
1706867075572 7.739952087402344 140
1706867075642 12.441015243530273 154
1706867075711 6.96297025680542 168
1706867075780 6.669344902038574 182
1706867075849 8.667238235473633 196
1706867075919 6.747034549713135 210
1706867075989 16.800846099853516 224
1706867076058 8.870601654052734 238
1706867076129 9.794078826904297 252
1706867076197 7.545778274536133 266
1706867076266 6.419955730438232 280
1706867076337 12.901917457580566 294
1706867076407 8.370631217956543 308
1706867076478 9.714000701904297 322
1706867076548 8.455548286437988 336
1706867076619 6.782747268676758 350
1706867076690 7.42936897277832 364
1706867076758 8.79774284362793 378
1706867076827 4.920069694519043 392
1706867076896 7.652679920196533 406
1706867076966 8.404138565063477 420
1706867077012 11.371243476867676 434
1706867078418 8.430706977844238 0
1706867078487 6.45678186416626 15
1706867078556 6.090912818908691 30
1706867078625 7.802927017211914 45
1706867078696 8.216094970703125 60
1706867078766 6.0281171798706055 75
1706867078835 5.528870105743408 90
1706867078904 7.8052659034729 105
1706867078975 11.014497756958008 120
1706867079045 7.33583927154541 135
1706867079116 8.132431030273438 150
1706867079187 10.219079971313477 165
1706867079255 9.883179664611816 180
1706867079326 9.000181198120117 195
1706867079394 6.461459636688232 210
1706867079469 5.747048854827881 225
1706867079539 9.099994659423828 240
1706867079609 6.86636209487915 255
1706867079680 6.3326945304870605 270
1706867079748 8.83501148223877 285
1706867079817 8.098581314086914 300
1706867079886 5.756260871887207 315
1706867079955 10.797242164611816 330
1706867080024 5.5533928871154785 345
1706867080096 6.907520294189453 360
1706867080168 6.827802658081055 375
1706867080239 6.607985496520996 390
1706867080308 6.477349281311035 405
1706867080379 6.301445484161377 420
1706867080448 5.886837482452393 435
1706867080518 6.508200168609619 450
1706867080564 20.835002899169922 465
1706867082007 7.9420247077941895 0
1706867082078 6.48423433303833 16
1706867082149 8.461150169372559 32
1706867082220 5.035691261291504 48
1706867082291 7.938774585723877 64
1706867082362 10.323163032531738 80
1706867082431 10.04576587677002 96
1706867082501 5.401198387145996 112
1706867082571 6.352350234985352 128
1706867082641 7.369924545288086 144
1706867082713 8.669220924377441 160
1706867082783 8.717665672302246 176
1706867082852 7.753967761993408 192
1706867082923 5.2810773849487305 208
1706867082994 5.119349479675293 224
1706867083069 5.438673973083496 240
1706867083142 6.153534412384033 256
1706867083214 6.075245380401611 272
1706867083284 9.407608032226562 288
1706867083355 8.793701171875 304
1706867083425 6.956778526306152 320
1706867083500 8.302959442138672 336
1706867083570 8.269704818725586 352
1706867083641 4.8151350021362305 368
1706867083712 5.083863258361816 384
1706867083784 8.234445571899414 400
1706867083854 6.035531997680664 416
1706867083983 11.575551986694336 432
1706867084053 6.745301723480225 448
1706867084124 6.773369789123535 464
1706867084195 10.409072875976562 480
1706867084241 6.021529674530029 496
1706867085602 5.986185550689697 0
1706867085674 6.551794052124023 17
1706867085744 5.424467086791992 34
1706867085814 6.247600078582764 51
1706867085883 5.527464866638184 68
1706867085952 6.590631008148193 85
1706867086021 7.233858108520508 102
1706867086091 9.343364715576172 119
1706867086161 9.894214630126953 136
1706867086231 7.509470462799072 153
1706867086300 7.781099796295166 170
1706867086370 6.604775428771973 187
1706867086442 9.19504165649414 204
1706867086512 8.929292678833008 221
1706867086583 7.664275169372559 238
1706867086654 9.290878295898438 255
1706867086725 6.301970481872559 272
1706867086794 7.891836166381836 289
1706867086865 9.189458847045898 306
1706867086935 7.430869102478027 323
1706867087007 7.448010444641113 340
1706867087076 6.179733753204346 357
1706867087147 7.468928337097168 374
1706867087218 5.857105255126953 391
1706867087314 6.977743148803711 408
1706867087384 8.224037170410156 425
1706867087454 5.926674842834473 442
1706867087523 12.235698699951172 459
1706867087594 7.310537815093994 476
1706867087665 4.936773777008057 493
1706867087734 6.051212787628174 510
1706867087780 13.099038124084473 527
1706867089103 5.997215747833252 0
1706867089172 7.907743453979492 18
1706867089243 6.607492923736572 36
1706867089313 6.156960964202881 54
1706867089382 8.09863567352295 72
1706867089452 6.592323303222656 90
1706867089522 6.579061985015869 108
1706867089594 7.019730567932129 126
1706867089665 7.92557430267334 144
1706867089734 5.415107727050781 162
1706867089804 5.105393886566162 180
1706867089874 6.2317023277282715 198
1706867089944 6.1205854415893555 216
1706867090014 5.367866516113281 234
1706867090085 6.95992374420166 252
1706867090153 9.557058334350586 270
1706867090223 10.42537784576416 288
1706867090293 8.537338256835938 306
1706867090363 6.388223648071289 324
1706867090432 7.961954116821289 342
1706867090502 6.435234069824219 360
1706867090573 4.6558837890625 378
1706867090641 9.297813415527344 396
1706867090710 6.691379547119141 414
1706867090781 7.171419620513916 432
1706867090854 6.333777904510498 450
1706867090925 8.167237281799316 468
1706867090994 6.084511756896973 486
1706867091064 6.291351795196533 504
1706867091134 8.047691345214844 522
1706867091227 7.6328959465026855 540
1706867091274 6.109897136688232 558
1706867092638 5.809540748596191 0
1706867092711 6.627355575561523 19
1706867092782 5.06081485748291 38
1706867092852 6.779501914978027 57
1706867092925 6.974766731262207 76
1706867092994 7.650344371795654 95
1706867093065 5.232036590576172 114
1706867093136 7.328245162963867 133
1706867093207 7.181750297546387 152
1706867093277 6.355717182159424 171
1706867093347 7.32217264175415 190
1706867093418 4.048096656799316 209
1706867093491 5.316986083984375 228
1706867093563 6.440762519836426 247
1706867093637 6.506186485290527 266
1706867093709 6.641200542449951 285
1706867093783 6.89078950881958 304
1706867093853 3.4660634994506836 323
1706867093950 6.444221019744873 342
1706867094020 8.377432823181152 361
1706867094089 7.347394943237305 380
1706867094158 6.830686569213867 399
1706867094229 6.21375846862793 418
1706867094298 6.426390171051025 437
1706867094367 4.848747253417969 456
1706867094436 4.722535610198975 475
1706867094505 5.722679615020752 494
1706867094575 4.501312732696533 513
1706867094645 5.236753940582275 532
1706867094715 6.228466987609863 551
1706867094784 6.178408622741699 570
1706867094829 5.306701183319092 589
1706867096156 4.163597106933594 0
1706867096225 6.786168098449707 20
1706867096294 6.356858730316162 40
1706867096363 5.315030097961426 60
1706867096432 7.71561861038208 80
1706867096501 7.151037216186523 100
1706867096571 5.516585350036621 120
1706867096646 7.148834228515625 140
1706867096718 6.286089897155762 160
1706867096787 6.675112724304199 180
1706867096856 7.722616672515869 200
1706867096926 7.352367401123047 220
1706867096994 7.3077592849731445 240
1706867097063 6.384161949157715 260
1706867097131 3.8775525093078613 280
1706867097202 5.070032119750977 300
1706867097270 8.496763229370117 320
1706867097338 6.655643463134766 340
1706867097408 5.695705413818359 360
1706867097476 5.513143062591553 380
1706867097548 6.5639567375183105 400
1706867097615 5.4868974685668945 420
1706867097686 6.574343204498291 440
1706867097754 4.9103803634643555 460
1706867097823 5.894944667816162 480
1706867097892 5.735085487365723 500
1706867097960 6.466821193695068 520
1706867098029 5.859076499938965 540
1706867098097 5.147371292114258 560
1706867098165 6.416593551635742 580
1706867098235 4.125941276550293 600
1706867098280 7.063521862030029 620
1706867099609 5.179812431335449 0
1706867099676 5.555574417114258 21
1706867099744 4.189723014831543 42
1706867099813 7.521374702453613 63
1706867099881 9.132233619689941 84
1706867099950 4.635440349578857 105
1706867100018 10.595723152160645 126
1706867100086 7.007613182067871 147
1706867100156 7.783171653747559 168
1706867100224 5.152713775634766 189
1706867100293 6.996708869934082 210
1706867100362 8.205163955688477 231
1706867100431 9.771705627441406 252
1706867100499 5.330547332763672 273
1706867100567 4.6685614585876465 294
1706867100635 6.963454246520996 315
1706867100705 6.32405424118042 336
1706867100772 7.57735538482666 357
1706867100842 5.934286594390869 378
1706867100910 7.260589599609375 399
1706867100980 5.046215057373047 420
1706867101048 7.0491509437561035 441
1706867101117 7.674310684204102 462
1706867101190 6.834157466888428 483
1706867101262 7.62003231048584 504
1706867101331 10.741438865661621 525
1706867101400 5.5253214836120605 546
1706867101468 5.493706703186035 567
1706867101537 4.969968795776367 588
1706867101605 5.7818603515625 609
1706867101673 5.364095687866211 630
1706867101717 6.390393257141113 651
1706867103078 5.169210433959961 0
1706867103147 4.038888454437256 22
1706867103215 6.122349262237549 44
1706867103284 7.527159690856934 66
1706867103354 6.249949932098389 88
1706867103422 7.277881145477295 110
1706867103492 6.033147811889648 132
1706867103561 12.300057411193848 154
1706867103630 5.446457386016846 176
1706867103699 4.325493812561035 198
1706867103768 6.929091453552246 220
1706867103836 9.203505516052246 242
1706867103905 5.482252597808838 264
1706867103975 8.391300201416016 286
1706867104044 6.936285018920898 308
1706867104113 6.682549953460693 330
1706867104181 6.304352283477783 352
1706867104250 8.706554412841797 374
1706867104319 6.338708877563477 396
1706867104387 4.240007400512695 418
1706867104457 4.864719867706299 440
1706867104525 6.644793510437012 462
1706867104593 4.711026191711426 484
1706867104662 8.957223892211914 506
1706867104729 8.313783645629883 528
1706867104798 4.06273078918457 550
1706867104865 3.8354949951171875 572
1706867104933 7.130411148071289 594
1706867105000 4.750452518463135 616
1706867105070 7.2916669845581055 638
1706867105141 9.365562438964844 660
1706867105185 2.9529683589935303 682
1706867106496 7.66071891784668 0
1706867106564 3.5255126953125 23
1706867106633 5.22847843170166 46
1706867106701 8.51921272277832 69
1706867106769 4.568581581115723 92
1706867106837 4.461685657501221 115
1706867106905 4.025911331176758 138
1706867106973 4.305965423583984 161
1706867107041 4.051992893218994 184
1706867107109 4.959061622619629 207
1706867107179 6.903262138366699 230
1706867107249 7.588797569274902 253
1706867107318 3.617913246154785 276
1706867107387 6.634364128112793 299
1706867107455 6.1578779220581055 322
1706867107524 6.247284889221191 345
1706867107593 6.787357330322266 368
1706867107661 5.647877216339111 391
1706867107728 3.9890732765197754 414
1706867107796 10.077406883239746 437
1706867107864 4.789407253265381 460
1706867107931 5.282444953918457 483
1706867107999 5.319978713989258 506
1706867108066 7.188267230987549 529
1706867108134 7.198722839355469 552
1706867108201 6.269315242767334 575
1706867108269 6.180832862854004 598
1706867108337 5.1763410568237305 621
1706867108407 5.380568504333496 644
1706867108476 7.273007869720459 667
1706867108543 6.072508335113525 690
1706867108587 6.977072238922119 713
1706867109935 7.940126895904541 0
1706867110004 5.464795112609863 24
1706867110075 5.173281669616699 48
1706867110144 6.487653732299805 72
1706867110214 4.7306013107299805 96
1706867110283 10.669527053833008 120
1706867110351 7.810624122619629 144
1706867110420 4.213373184204102 168
1706867110490 5.468792915344238 192
1706867110560 5.147704124450684 216
1706867110630 7.128569602966309 240
1706867110699 3.991549015045166 264
1706867110766 5.255647659301758 288
1706867110834 3.8231537342071533 312
1706867110902 5.366415977478027 336
1706867110971 5.4108171463012695 360
1706867111039 8.596229553222656 384
1706867111107 4.826864719390869 408
1706867111174 5.348306655883789 432
1706867111242 4.376376152038574 456
1706867111311 4.742997169494629 480
1706867111381 6.754018306732178 504
1706867111449 7.172913551330566 528
1706867111519 5.510766983032227 552
1706867111587 7.290517807006836 576
1706867111655 7.341342449188232 600
1706867111723 8.201313018798828 624
1706867111791 3.8141732215881348 648
1706867111861 6.332204818725586 672
1706867111933 6.8044586181640625 696
1706867112002 5.739031791687012 720
1706867112046 7.937774658203125 744
1706867113369 6.049177646636963 0
1706867113437 5.120890140533447 25
1706867113506 4.376917362213135 50
1706867113573 8.470396041870117 75
1706867113643 8.251907348632812 100
1706867113712 4.96954870223999 125
1706867113780 6.971522331237793 150
1706867113848 5.442880630493164 175
1706867113918 5.857285976409912 200
1706867113986 5.331470012664795 225
1706867114055 6.336906433105469 250
1706867114124 6.466348171234131 275
1706867114192 5.308855056762695 300
1706867114260 4.45428991317749 325
1706867114328 7.29116153717041 350
1706867114396 6.316695213317871 375
1706867114466 9.363014221191406 400
1706867114534 7.631871223449707 425
1706867114602 5.627093315124512 450
1706867114669 7.269186019897461 475
1706867114738 6.663727760314941 500
1706867114806 5.184078216552734 525
1706867114873 4.849434852600098 550
1706867114941 5.052367210388184 575
1706867115011 7.409956932067871 600
1706867115079 5.585875511169434 625
1706867115149 5.320892810821533 650
1706867115217 5.938385963439941 675
1706867115287 5.144486427307129 700
1706867115355 4.983280658721924 725
1706867115424 7.043347358703613 750
1706867115469 14.334282875061035 775
1706867116837 5.071724891662598 0
1706867116907 7.264451026916504 26
1706867116975 4.640614032745361 52
1706867117043 12.796748161315918 78
1706867117112 5.588301658630371 104
1706867117181 5.64453125 130
1706867117251 4.878030776977539 156
1706867117320 7.9846649169921875 182
1706867117391 5.685878276824951 208
1706867117460 7.95064640045166 234
1706867117556 6.709559917449951 260
1706867117624 6.783236503601074 286
1706867117693 7.897757053375244 312
1706867117762 5.1415534019470215 338
1706867117833 6.206075668334961 364
1706867117902 7.046545028686523 390
1706867117971 5.671283721923828 416
1706867118040 7.067559242248535 442
1706867118107 3.8024251461029053 468
1706867118175 4.842198848724365 494
1706867118243 3.7442855834960938 520
1706867118311 5.613905906677246 546
1706867118383 5.7621965408325195 572
1706867118453 5.023553848266602 598
1706867118520 8.192163467407227 624
1706867118588 4.391000747680664 650
1706867118657 4.13256311416626 676
1706867118726 5.398434638977051 702
1706867118793 4.542426109313965 728
1706867118863 4.645455360412598 754
1706867118931 5.290703296661377 780
1706867118975 5.587178707122803 806
1706867120339 4.441648483276367 0
1706867120411 5.95896053314209 27
1706867120480 6.506831169128418 54
1706867120550 3.3402411937713623 81
1706867120622 6.142358303070068 108
1706867120691 2.727384090423584 135
1706867120761 6.47813081741333 162
1706867120829 5.0777435302734375 189
1706867120899 7.621655464172363 216
1706867120967 4.734635353088379 243
1706867121036 6.598717212677002 270
1706867121104 3.3320140838623047 297
1706867121173 5.658686637878418 324
1706867121242 6.100878715515137 351
1706867121311 5.598908424377441 378
1706867121379 4.867763519287109 405
1706867121449 5.082820892333984 432
1706867121517 6.048336029052734 459
1706867121585 5.452014446258545 486
1706867121652 3.7285284996032715 513
1706867121722 5.703689098358154 540
1706867121790 4.001927852630615 567
1706867121860 6.813901901245117 594
1706867121930 4.440387725830078 621
1706867122000 6.504734992980957 648
1706867122069 10.844903945922852 675
1706867122138 4.057878017425537 702
1706867122208 5.618508338928223 729
1706867122278 4.225198745727539 756
1706867122348 6.299598693847656 783
1706867122419 4.725744247436523 810
1706867122463 10.71588134765625 837
1706867123768 4.321288585662842 0
1706867123837 6.218873023986816 28
1706867123906 6.180540561676025 56
1706867123976 4.894255638122559 84
1706867124044 5.027988910675049 112
1706867124114 5.67830228805542 140
1706867124183 5.892060279846191 168
1706867124251 5.7296319007873535 196
1706867124319 4.930539608001709 224
1706867124390 4.621233940124512 252
1706867124459 5.852241039276123 280
1706867124529 8.53303337097168 308
1706867124598 7.424376010894775 336
1706867124668 5.2592668533325195 364
1706867124738 6.542309761047363 392
1706867124805 4.664587020874023 420
1706867124874 8.235836029052734 448
1706867124943 4.313568592071533 476
1706867125012 6.100653648376465 504
1706867125080 5.299683094024658 532
1706867125149 5.001546859741211 560
1706867125217 6.437032699584961 588
1706867125285 3.4990930557250977 616
1706867125353 6.197877407073975 644
1706867125421 4.208605766296387 672
1706867125490 3.8072755336761475 700
1706867125559 4.5600457191467285 728
1706867125628 4.566823482513428 756
1706867125695 4.083002090454102 784
1706867125764 4.18090295791626 812
1706867125831 5.648687839508057 840
1706867125874 6.653650283813477 868
1706867127190 7.260608196258545 0
1706867127260 6.790693283081055 29
1706867127328 5.10379695892334 58
1706867127397 4.115447998046875 87
1706867127466 6.127878189086914 116
1706867127534 8.721445083618164 145
1706867127602 5.875047206878662 174
1706867127670 5.742697715759277 203
1706867127739 6.782583236694336 232
1706867127807 4.90765380859375 261
1706867127877 7.1263651847839355 290
1706867127944 5.477099418640137 319
1706867128011 5.353127956390381 348
1706867128080 4.551428318023682 377
1706867128149 6.608783721923828 406
1706867128219 4.587695121765137 435
1706867128291 4.8845720291137695 464
1706867128358 4.470935344696045 493
1706867128429 3.8460237979888916 522
1706867128499 4.318850517272949 551
1706867128569 4.675393104553223 580
1706867128638 4.17656135559082 609
1706867128706 7.50262975692749 638
1706867128776 5.491918087005615 667
1706867128846 4.316697120666504 696
1706867128915 6.51112174987793 725
1706867128984 7.79677677154541 754
1706867129052 7.377408981323242 783
1706867129121 7.157066345214844 812
1706867129188 3.490899085998535 841
1706867129257 5.972359657287598 870
1706867129304 8.981468200683594 899
1706867130663 5.174264430999756 0
1706867130731 7.2649006843566895 30
1706867130800 5.303243160247803 60
1706867130869 6.228753089904785 90
1706867130936 4.761229991912842 120
1706867131006 4.7385969161987305 150
1706867131074 3.6280806064605713 180
1706867131147 4.005353927612305 210
1706867131216 7.635354995727539 240
1706867131285 6.0637664794921875 270
1706867131353 9.750988006591797 300
1706867131421 3.2589588165283203 330
1706867131490 3.9199750423431396 360
1706867131560 6.680538654327393 390
1706867131629 8.424808502197266 420
1706867131699 3.7576870918273926 450
1706867131768 4.473852634429932 480
1706867131835 5.4644269943237305 510
1706867131903 4.322968482971191 540
1706867131971 5.063453674316406 570
1706867132039 6.576876640319824 600
1706867132109 3.238227367401123 630
1706867132179 5.344188690185547 660
1706867132247 3.0150046348571777 690
1706867132316 5.320137023925781 720
1706867132384 8.71119213104248 750
1706867132455 4.607271671295166 780
1706867132524 3.955902099609375 810
1706867132596 4.216246604919434 840
1706867132664 5.699254035949707 870
1706867132733 9.00097942352295 900
1706867132780 21.239398956298828 930
