1706867028283 35.805206298828125 0
1706867028380 26.82474136352539 1
1706867028462 32.161529541015625 2
1706867028538 31.2955322265625 3
1706867028615 27.71247673034668 4
1706867028686 34.82356262207031 5
1706867028758 28.18828010559082 6
1706867028828 30.085050582885742 7
1706867028898 21.412616729736328 8
1706867028967 27.980690002441406 9
1706867029036 27.837955474853516 10
1706867029105 19.15015411376953 11
1706867029175 24.91014862060547 12
1706867029245 28.135433197021484 13
1706867029315 32.54781723022461 14
1706867029385 25.923904418945312 15
1706867029453 24.718339920043945 16
1706867029523 31.770456314086914 17
1706867029593 31.578659057617188 18
1706867029662 22.702102661132812 19
1706867029732 28.42888641357422 20
1706867029806 33.602230072021484 21
1706867029877 30.776233673095703 22
1706867029947 26.56232452392578 23
1706867030016 29.198179244995117 24
1706867030087 27.56153106689453 25
1706867030158 21.15802764892578 26
1706867030227 23.057762145996094 27
1706867030296 20.61868667602539 28
1706867030367 24.091726303100586 29
1706867030437 29.470767974853516 30
1706867030566 10.928876876831055 31
1706867030613 25.588478088378906 0
1706867030652 27.554916381835938 0
1706867030691 26.34084129333496 0
1706867030729 18.879554748535156 0
1706867030767 21.461166381835938 0
1706867030804 22.256858825683594 0
1706867030842 21.381881713867188 0
1706867030879 28.359851837158203 0
1706867030928 25.588451385498047 0
1706867030966 23.040443420410156 0
1706867031004 21.567066192626953 0
1706867031041 22.97797966003418 0
1706867031079 21.821701049804688 0
1706867031117 25.023632049560547 0
1706867031156 17.94670867919922 0
1706867031194 29.888839721679688 0
1706867031232 26.038101196289062 0
1706867031270 28.523670196533203 0
1706867031308 22.511505126953125 0
1706867031346 26.170085906982422 0
1706867031385 32.557220458984375 0
1706867031423 24.194381713867188 0
1706867031461 25.321659088134766 0
1706867031498 21.50688934326172 0
1706867031536 23.648670196533203 0
1706867031574 25.50687026977539 0
1706867031612 25.196659088134766 0
1706867031650 23.90850830078125 0
1706867031688 26.227935791015625 0
1706867031726 25.415428161621094 0
1706867031764 21.802581787109375 0
1706867031787 26.067134857177734 0
1706867031892 32.866233825683594 0
1706867031964 27.339611053466797 2
1706867032033 23.22344970703125 4
1706867032104 19.9731388092041 6
1706867032173 18.534561157226562 8
1706867032243 23.15570831298828 10
1706867032312 24.624160766601562 12
1706867032379 22.254512786865234 14
1706867032447 20.278457641601562 16
1706867032517 24.25794792175293 18
1706867032587 20.687759399414062 20
1706867032655 22.687698364257812 22
1706867032723 24.313610076904297 24
1706867032792 28.15911865234375 26
1706867032861 21.399364471435547 28
1706867032929 16.304418563842773 30
1706867032998 25.883960723876953 32
1706867033066 20.674880981445312 34
1706867033134 22.283676147460938 36
1706867033202 22.1519832611084 38
1706867033272 23.09522247314453 40
1706867033342 20.220149993896484 42
1706867033409 23.013811111450195 44
1706867033498 20.76045036315918 46
1706867033567 20.019441604614258 48
1706867033636 22.702964782714844 50
1706867033704 29.166139602661133 52
1706867033773 16.411319732666016 54
1706867033841 18.25605583190918 56
1706867033911 23.769010543823242 58
1706867033980 18.659175872802734 60
1706867034083 11.735864639282227 62
1706867034137 24.009143829345703 32
1706867034178 20.14072036743164 32
1706867034218 24.78313446044922 32
1706867034258 16.809326171875 32
1706867034298 19.52326202392578 32
1706867034336 19.329151153564453 32
1706867034374 20.117658615112305 32
1706867034414 18.351139068603516 32
1706867034454 14.303703308105469 32
1706867034492 13.199207305908203 32
1706867034531 21.83953094482422 32
1706867034570 16.779006958007812 32
1706867034609 19.37847900390625 32
1706867034647 21.798648834228516 32
1706867034687 18.154312133789062 32
1706867034725 27.200515747070312 32
1706867034765 19.106849670410156 32
1706867034803 21.678220748901367 32
1706867034842 14.520395278930664 32
1706867034881 13.506416320800781 32
1706867034920 23.927974700927734 32
1706867034959 19.391876220703125 32
1706867034998 19.48381805419922 32
1706867035037 21.5307674407959 32
1706867035076 19.54681396484375 32
1706867035115 22.52967071533203 32
1706867035154 23.071380615234375 32
1706867035254 18.86396026611328 32
1706867035293 21.525104522705078 32
1706867035331 21.060195922851562 32
1706867035370 17.807781219482422 32
1706867035394 27.271461486816406 32
1706867035515 18.816097259521484 0
1706867035605 19.15505027770996 3
1706867035677 18.411483764648438 6
1706867035746 19.48025894165039 9
1706867035816 16.594524383544922 12
1706867035885 21.958919525146484 15
1706867035955 22.41783905029297 18
1706867036025 16.742591857910156 21
1706867036096 18.48761558532715 24
1706867036166 18.566688537597656 27
1706867036238 15.465794563293457 30
1706867036310 16.046710968017578 33
1706867036381 21.249940872192383 36
1706867036452 22.443174362182617 39
1706867036521 18.843027114868164 42
1706867036590 26.896095275878906 45
1706867036660 20.287342071533203 48
1706867036730 20.86412239074707 51
1706867036800 16.61302947998047 54
1706867036871 23.106075286865234 57
1706867036943 19.725786209106445 60
1706867037013 19.73850440979004 63
1706867037084 22.095474243164062 66
1706867037156 16.840911865234375 69
1706867037226 18.45207977294922 72
1706867037296 19.15045166015625 75
1706867037365 19.786293029785156 78
1706867037436 19.26089096069336 81
1706867037522 16.114437103271484 84
1706867037594 17.012426376342773 87
1706867037664 18.968189239501953 90
1706867037711 21.484256744384766 93
1706867037761 25.631553649902344 64
1706867037860 21.80826187133789 64
1706867037900 21.22188949584961 64
1706867037940 18.634328842163086 64
1706867037979 18.85422134399414 64
1706867038020 14.155996322631836 64
1706867038059 20.181865692138672 64
1706867038098 21.71946144104004 64
1706867038139 17.357540130615234 64
1706867038178 13.874495506286621 64
1706867038218 18.121356964111328 64
1706867038260 15.790872573852539 64
1706867038299 18.02765655517578 64
1706867038338 22.442214965820312 64
1706867038379 19.919836044311523 64
1706867038418 26.809371948242188 64
1706867038460 18.897323608398438 64
1706867038509 20.601882934570312 64
1706867038548 15.630867004394531 64
1706867038586 18.198448181152344 64
1706867038625 24.407943725585938 64
1706867038664 18.061676025390625 64
1706867038703 18.484661102294922 64
1706867038743 17.071517944335938 64
1706867038783 19.28515625 64
1706867038822 19.869152069091797 64
1706867038862 22.41073226928711 64
1706867038901 20.93376922607422 64
1706867038941 24.892562866210938 64
1706867038980 21.479084014892578 64
1706867039019 20.135223388671875 64
1706867039043 25.045364379882812 64
1706867039148 18.623031616210938 0
1706867039220 17.68886375427246 4
1706867039291 22.375207901000977 8
1706867039360 19.059368133544922 12
1706867039430 20.06169319152832 16
1706867039501 16.519859313964844 20
1706867039570 18.473264694213867 24
1706867039639 18.87942123413086 28
1706867039711 19.624649047851562 32
1706867039781 18.504348754882812 36
1706867039853 18.57699966430664 40
1706867039922 14.693971633911133 44
1706867039993 18.628711700439453 48
1706867040064 16.988216400146484 52
1706867040136 20.018884658813477 56
1706867040213 24.0747127532959 60
1706867040307 13.702824592590332 64
1706867040379 16.619300842285156 68
1706867040451 18.107879638671875 72
1706867040521 20.848461151123047 76
1706867040592 17.020912170410156 80
1706867040662 17.48213768005371 84
1706867040731 16.924114227294922 88
1706867040802 13.356096267700195 92
1706867040875 19.315017700195312 96
1706867040945 18.314329147338867 100
1706867041015 18.42818832397461 104
1706867041087 18.645233154296875 108
1706867041177 15.797483444213867 112
1706867041275 21.03990936279297 116
1706867041347 17.842260360717773 120
1706867041395 14.167449951171875 124
1706867041446 31.064517974853516 96
1706867041487 19.571277618408203 96
1706867041527 24.12173080444336 96
1706867041567 22.867328643798828 96
1706867041607 26.21305274963379 96
1706867041647 26.071487426757812 96
1706867041686 23.000757217407227 96
1706867041726 22.022789001464844 96
1706867041767 23.30031967163086 96
1706867041860 21.35494613647461 96
1706867041899 26.333126068115234 96
1706867041938 23.004467010498047 96
1706867041976 27.02167320251465 96
1706867042015 22.890953063964844 96
1706867042054 25.549036026000977 96
1706867042093 28.41326904296875 96
1706867042131 25.50192642211914 96
1706867042170 26.539047241210938 96
1706867042210 19.504825592041016 96
1706867042249 17.895278930664062 96
1706867042287 24.634140014648438 96
1706867042327 25.802104949951172 96
1706867042365 23.627920150756836 96
1706867042404 27.95376205444336 96
1706867042444 24.684959411621094 96
1706867042484 27.300872802734375 96
1706867042523 27.656299591064453 96
1706867042561 23.351497650146484 96
1706867042601 27.73632049560547 96
1706867042640 25.427335739135742 96
1706867042679 23.426706314086914 96
1706867042703 33.40924072265625 96
1706867042772 13.576390266418457 0
1706867042842 17.12238311767578 5
1706867042912 17.72347640991211 10
1706867042982 16.68059539794922 15
1706867043051 16.991069793701172 20
1706867043120 20.215723037719727 25
1706867043191 13.957466125488281 30
1706867043259 18.396774291992188 35
1706867043330 12.209674835205078 40
1706867043401 18.669471740722656 45
1706867043471 18.34311294555664 50
1706867043543 15.574989318847656 55
1706867043614 12.188925743103027 60
1706867043684 13.84779167175293 65
1706867043755 18.25465965270996 70
1706867043826 20.479055404663086 75
1706867043898 17.445890426635742 80
1706867043968 23.695859909057617 85
1706867044039 15.122186660766602 90
1706867044110 17.275772094726562 95
1706867044181 15.395721435546875 100
1706867044251 18.983734130859375 105
1706867044320 16.74344253540039 110
1706867044390 11.187858581542969 115
1706867044459 14.52621841430664 120
1706867044529 14.098196029663086 125
1706867044598 15.91679859161377 130
1706867044668 14.298717498779297 135
1706867044738 15.612908363342285 140
1706867044808 14.936120986938477 145
1706867044877 12.977849960327148 150
1706867044923 17.067350387573242 155
1706867044973 21.558439254760742 128
1706867045014 12.241765022277832 128
1706867045055 14.133100509643555 128
1706867045095 10.783647537231445 128
1706867045135 14.889402389526367 128
1706867045174 12.894519805908203 128
1706867045214 12.947654724121094 128
1706867045253 14.143383979797363 128
1706867045294 15.049104690551758 128
1706867045333 13.72707748413086 128
1706867045374 11.894235610961914 128
1706867045413 14.564245223999023 128
1706867045453 12.940635681152344 128
1706867045492 13.41523265838623 128
1706867045531 13.662003517150879 128
1706867045570 15.321796417236328 128
1706867045610 16.76613998413086 128
1706867045708 13.844881057739258 128
1706867045749 12.599796295166016 128
1706867045789 15.559103012084961 128
1706867045830 16.30064582824707 128
1706867045871 15.827631950378418 128
1706867045911 14.743432998657227 128
1706867045952 15.133138656616211 128
1706867045992 13.800634384155273 128
1706867046033 15.930274963378906 128
1706867046073 14.389251708984375 128
1706867046114 16.720088958740234 128
1706867046155 15.884435653686523 128
1706867046195 18.370891571044922 128
1706867046235 12.688385009765625 128
1706867046260 16.392690658569336 128
1706867046328 13.685858726501465 0
1706867046397 10.892044067382812 6
1706867046468 9.299140930175781 12
1706867046537 12.002056121826172 18
1706867046608 15.87063980102539 24
1706867046680 11.801156044006348 30
1706867046752 11.722953796386719 36
1706867046822 11.606100082397461 42
1706867046894 13.28449535369873 48
1706867046963 9.748289108276367 54
1706867047034 15.657967567443848 60
1706867047105 15.459047317504883 66
1706867047176 12.313642501831055 72
1706867047272 11.360681533813477 78
1706867047341 11.811668395996094 84
1706867047411 13.861820220947266 90
1706867047480 11.723337173461914 96
1706867047549 11.212464332580566 102
1706867047620 16.089847564697266 108
1706867047690 15.119268417358398 114
1706867047761 10.678573608398438 120
1706867047832 15.57647705078125 126
1706867047902 13.028284072875977 132
1706867047971 15.549278259277344 138
1706867048040 17.42892074584961 144
1706867048110 10.500100135803223 150
1706867048181 9.590225219726562 156
1706867048252 16.824020385742188 162
1706867048322 13.424806594848633 168
1706867048391 13.513961791992188 174
1706867048487 13.724618911743164 180
1706867048534 24.66016960144043 186
1706867048582 17.18039321899414 160
1706867048648 11.831053733825684 160
1706867048689 14.047601699829102 160
1706867048728 7.985770225524902 160
1706867048769 12.209783554077148 160
1706867048808 11.862939834594727 160
1706867048847 10.783803939819336 160
1706867048886 12.648841857910156 160
1706867048926 15.191471099853516 160
1706867048968 12.45180892944336 160
1706867049020 10.16519832611084 160
1706867049060 11.811413764953613 160
1706867049100 10.094999313354492 160
1706867049139 13.356541633605957 160
1706867049178 9.748027801513672 160
1706867049217 15.073755264282227 160
1706867049256 13.232407569885254 160
1706867049336 9.016833305358887 160
1706867049377 9.272178649902344 160
1706867049416 12.876228332519531 160
1706867049456 17.884803771972656 160
1706867049495 11.939009666442871 160
1706867049534 9.564977645874023 160
1706867049575 12.756340980529785 160
1706867049644 10.564002990722656 160
1706867049716 9.78172492980957 160
1706867049759 8.267621040344238 160
1706867049799 15.334163665771484 160
1706867049853 10.906341552734375 160
1706867049893 12.511240005493164 160
1706867049932 8.286961555480957 160
1706867049956 11.384807586669922 160
1706867050054 10.011136054992676 0
1706867050155 12.756767272949219 7
1706867050233 10.935591697692871 14
1706867050308 9.728092193603516 21
1706867050382 11.019050598144531 28
1706867050455 12.391305923461914 35
1706867050529 15.04295539855957 42
1706867050600 12.413498878479004 49
1706867050671 10.74583625793457 56
1706867050746 14.55734920501709 63
1706867050818 14.664007186889648 70
1706867050889 12.402179718017578 77
1706867050958 9.24227523803711 84
1706867051028 15.171874046325684 91
1706867051098 13.274226188659668 98
1706867051171 12.774423599243164 105
1706867051242 12.732217788696289 112
1706867051314 13.155526161193848 119
1706867051385 10.791648864746094 126
1706867051455 13.435768127441406 133
1706867051550 11.08236026763916 140
1706867051620 10.838193893432617 147
1706867051693 12.518823623657227 154
1706867051763 11.082868576049805 161
1706867051833 13.627079963684082 168
1706867051905 9.505813598632812 175
1706867051975 9.768579483032227 182
1706867052046 9.231847763061523 189
1706867052117 10.502586364746094 196
1706867052189 11.364721298217773 203
1706867052258 12.493278503417969 210
1706867052305 12.446922302246094 217
1706867052355 17.33453941345215 192
1706867052396 13.890527725219727 192
1706867052437 17.17880630493164 192
1706867052476 8.761421203613281 192
1706867052516 13.376314163208008 192
1706867052555 10.36499309539795 192
1706867052595 11.064482688903809 192
1706867052636 12.594339370727539 192
1706867052677 13.017829895019531 192
1706867052717 11.311347961425781 192
1706867052756 10.464794158935547 192
1706867052798 12.313833236694336 192
1706867052837 10.601934432983398 192
1706867052911 14.163605690002441 192
1706867052951 10.013418197631836 192
1706867052991 13.50705337524414 192
1706867053031 14.64094352722168 192
1706867053070 11.964373588562012 192
1706867053110 10.97360610961914 192
1706867053150 11.629133224487305 192
1706867053189 18.413114547729492 192
1706867053229 12.467012405395508 192
1706867053269 11.821885108947754 192
1706867053309 11.74313735961914 192
1706867053349 11.770990371704102 192
1706867053388 11.857686042785645 192
1706867053428 10.141152381896973 192
1706867053484 14.135799407958984 192
1706867053524 11.814912796020508 192
1706867053564 12.039688110351562 192
1706867053604 8.059422492980957 192
1706867053627 15.55575180053711 192
1706867053697 9.963162422180176 0
1706867053769 9.718594551086426 8
1706867053839 7.715322494506836 16
1706867053909 12.62989616394043 24
1706867053979 8.908820152282715 32
1706867054049 10.864869117736816 40
1706867054118 9.236095428466797 48
1706867054188 8.770381927490234 56
1706867054258 9.850931167602539 64
1706867054328 8.201108932495117 72
1706867054398 11.337148666381836 80
1706867054468 7.541983604431152 88
1706867054539 9.01162052154541 96
1706867054609 10.658472061157227 104
1706867054679 10.599416732788086 112
1706867054748 12.622018814086914 120
1706867054818 17.02457618713379 128
1706867054893 8.845590591430664 136
1706867054965 9.876447677612305 144
1706867055036 8.72336196899414 152
1706867055105 9.526785850524902 160
1706867055175 14.125104904174805 168
1706867055245 12.041918754577637 176
1706867055315 12.225017547607422 184
1706867055386 11.494331359863281 192
1706867055455 12.040603637695312 200
1706867055526 11.35107421875 208
1706867055595 10.477792739868164 216
1706867055666 10.664290428161621 224
1706867055737 12.233141899108887 232
1706867055806 6.016059875488281 240
1706867055852 16.3088321685791 248
1706867055903 14.250894546508789 224
1706867055944 10.20940113067627 224
1706867055985 10.707953453063965 224
1706867056025 9.470680236816406 224
1706867056064 10.970123291015625 224
1706867056103 10.11329174041748 224
1706867056144 9.71002197265625 224
1706867056184 14.610466003417969 224
1706867056225 11.527825355529785 224
1706867056265 10.289253234863281 224
1706867056305 8.402247428894043 224
1706867056345 9.066648483276367 224
1706867056384 9.311391830444336 224
1706867056424 11.950965881347656 224
1706867056463 12.010608673095703 224
1706867056503 10.608600616455078 224
1706867056542 13.945515632629395 224
1706867056581 8.359865188598633 224
1706867056621 10.204095840454102 224
1706867056660 10.910181045532227 224
1706867056700 15.241144180297852 224
1706867056739 12.8594388961792 224
1706867056780 9.071308135986328 224
1706867056820 8.119033813476562 224
1706867056859 10.581235885620117 224
1706867056899 11.472221374511719 224
1706867056938 12.176050186157227 224
1706867056978 12.385101318359375 224
1706867057018 11.278435707092285 224
1706867057057 11.638019561767578 224
1706867057096 9.942483901977539 224
1706867057120 15.774391174316406 224
1706867057189 10.43463134765625 0
1706867057260 5.976553916931152 9
1706867057329 7.966821193695068 18
1706867057399 7.44528865814209 27
1706867057470 9.0439453125 36
1706867057541 13.825248718261719 45
1706867057611 10.629185676574707 54
1706867057683 12.423543930053711 63
1706867057754 8.14309310913086 72
1706867057825 12.056143760681152 81
1706867057894 7.338330268859863 90
1706867057963 11.911975860595703 99
1706867058035 10.86843490600586 108
1706867058105 13.47941780090332 117
1706867058175 11.592824935913086 126
1706867058244 12.15802001953125 135
1706867058315 8.698266983032227 144
1706867058384 11.418498992919922 153
1706867058454 12.148164749145508 162
1706867058527 11.401201248168945 171
1706867058598 9.048296928405762 180
1706867058669 9.239099502563477 189
1706867058739 12.416022300720215 198
1706867058808 11.691274642944336 207
1706867058879 11.047061920166016 216
1706867058949 6.386745452880859 225
1706867059019 6.933884620666504 234
1706867059088 11.042181015014648 243
1706867059161 13.190956115722656 252
1706867059233 9.306482315063477 261
1706867059303 8.060966491699219 270
1706867059349 19.36335563659668 279
1706867059399 15.717381477355957 256
1706867059441 10.829826354980469 256
1706867059481 13.239561080932617 256
1706867059521 7.105464935302734 256
1706867059560 9.75473403930664 256
1706867059599 10.276128768920898 256
1706867059638 9.979684829711914 256
1706867059678 11.033613204956055 256
1706867059719 11.90104866027832 256
1706867059758 11.038028717041016 256
1706867059797 8.489053726196289 256
1706867059837 10.114439010620117 256
1706867059877 8.721942901611328 256
1706867059917 13.257503509521484 256
1706867059959 8.538963317871094 256
1706867059999 10.207459449768066 256
1706867060038 11.196382522583008 256
1706867060078 10.409364700317383 256
1706867060117 10.047525405883789 256
1706867060157 12.367528915405273 256
1706867060196 14.070423126220703 256
1706867060236 10.738183975219727 256
1706867060275 8.359367370605469 256
1706867060314 11.049955368041992 256
1706867060353 10.5738525390625 256
1706867060392 8.30808162689209 256
1706867060431 11.641302108764648 256
1706867060470 11.11964225769043 256
1706867060509 10.533565521240234 256
1706867060548 11.795433044433594 256
1706867060587 9.420425415039062 256
1706867060611 16.253610610961914 256
1706867060685 9.967453002929688 0
1706867060758 9.083175659179688 10
1706867060827 9.345968246459961 20
1706867060899 11.709355354309082 30
1706867060971 11.98104190826416 40
1706867061043 10.788654327392578 50
1706867061114 10.084637641906738 60
1706867061183 8.97195053100586 70
1706867061254 7.260496139526367 80
1706867061324 8.002737045288086 90
1706867061394 8.529966354370117 100
1706867061466 11.311758041381836 110
1706867061539 12.14893913269043 120
1706867061609 7.165946960449219 130
1706867061679 9.163398742675781 140
1706867061750 9.495794296264648 150
1706867061821 9.427817344665527 160
1706867061891 11.522090911865234 170
1706867061960 9.469863891601562 180
1706867062030 11.0296049118042 190
1706867062101 9.757436752319336 200
1706867062171 9.830239295959473 210
1706867062242 9.845000267028809 220
1706867062312 9.270217895507812 230
1706867062393 7.973846435546875 240
1706867062463 8.000167846679688 250
1706867062532 7.2021379470825195 260
1706867062602 8.791969299316406 270
1706867062672 10.204713821411133 280
1706867062743 16.238201141357422 290
1706867062812 12.208409309387207 300
1706867062858 11.833003997802734 310
1706867062907 12.158917427062988 288
1706867062947 11.02720832824707 288
1706867062987 13.916845321655273 288
1706867063025 9.26608657836914 288
1706867063063 8.35745620727539 288
1706867063102 8.81592845916748 288
1706867063142 9.376152038574219 288
1706867063181 12.004176139831543 288
1706867063219 10.118764877319336 288
1706867063257 9.930317878723145 288
1706867063296 8.348499298095703 288
1706867063334 7.26709508895874 288
1706867063373 8.725170135498047 288
1706867063411 12.450811386108398 288
1706867063449 9.449769973754883 288
1706867063488 12.313197135925293 288
1706867063526 11.70968246459961 288
1706867063564 10.267337799072266 288
1706867063603 6.854892730712891 288
1706867063641 11.569005966186523 288
1706867063679 11.33487606048584 288
1706867063717 10.647150039672852 288
1706867063782 9.847007751464844 288
1706867063820 8.672038078308105 288
1706867063859 9.226563453674316 288
1706867063897 8.073246955871582 288
1706867063935 11.28352165222168 288
1706867063973 9.39806079864502 288
1706867064012 9.662365913391113 288
1706867064050 9.249242782592773 288
1706867064088 8.795818328857422 288
1706867064112 12.951725959777832 288
1706867064206 8.417561531066895 0
1706867064277 9.719261169433594 11
1706867064346 10.051207542419434 22
1706867064430 11.917475700378418 33
1706867064537 9.850789070129395 44
1706867064606 10.415876388549805 55
1706867064677 12.597173690795898 66
1706867064752 9.120523452758789 77
1706867064824 10.08226203918457 88
1706867064893 9.929448127746582 99
1706867064985 11.206198692321777 110
1706867065055 8.10363483428955 121
1706867065126 12.49725341796875 132
1706867065196 10.560251235961914 143
1706867065266 8.8837890625 154
1706867065335 9.373779296875 165
1706867065405 9.248432159423828 176
1706867065475 10.017663955688477 187
1706867065544 10.808629035949707 198
1706867065617 7.3115386962890625 209
1706867065687 10.84640884399414 220
1706867065757 7.481467247009277 231
1706867065826 9.004770278930664 242
1706867065897 9.698493957519531 253
1706867065966 11.755128860473633 264
1706867066036 11.43647575378418 275
1706867066106 10.310583114624023 286
1706867066175 10.370464324951172 297
1706867066247 7.728448390960693 308
1706867066316 10.007831573486328 319
1706867066387 10.043790817260742 330
1706867066434 18.98647689819336 341
1706867066483 13.770617485046387 320
1706867066524 8.582660675048828 320
1706867066564 12.193670272827148 320
1706867066602 6.782364845275879 320
1706867066641 10.002641677856445 320
1706867066679 10.143707275390625 320
1706867066718 10.788612365722656 320
1706867066757 13.632774353027344 320
1706867066798 10.377983093261719 320
1706867066837 9.0472412109375 320
1706867066875 9.360767364501953 320
1706867066914 11.307196617126465 320
1706867066952 7.340092182159424 320
1706867066991 10.84116268157959 320
1706867067031 9.67757797241211 320
1706867067070 12.964004516601562 320
1706867067109 10.905097961425781 320
1706867067148 7.462649822235107 320
1706867067186 10.390558242797852 320
1706867067225 10.043760299682617 320
1706867067263 11.082067489624023 320
1706867067302 7.13787841796875 320
1706867067341 9.856597900390625 320
1706867067379 11.02363395690918 320
1706867067418 8.301612854003906 320
1706867067457 8.665932655334473 320
1706867067496 9.496068000793457 320
1706867067534 11.788052558898926 320
1706867067573 7.806827068328857 320
1706867067612 9.582512855529785 320
1706867067650 8.864444732666016 320
1706867067674 18.975582122802734 320
1706867067740 10.394295692443848 0
1706867067809 10.482430458068848 12
1706867067878 8.191146850585938 24
1706867067948 8.876569747924805 36
1706867068018 9.904289245605469 48
1706867068087 9.230661392211914 60
1706867068156 6.265185356140137 72
1706867068225 8.22104263305664 84
1706867068296 8.46302604675293 96
1706867068365 9.096768379211426 108
1706867068435 9.227583885192871 120
1706867068505 8.186029434204102 132
1706867068575 8.179330825805664 144
1706867068644 6.765678405761719 156
1706867068714 7.69381856918335 168
1706867068783 8.979645729064941 180
1706867068853 6.998218059539795 192
1706867068924 7.062873363494873 204
1706867068994 9.364690780639648 216
1706867069063 8.092850685119629 228
1706867069133 7.375472068786621 240
1706867069202 8.048697471618652 252
1706867069272 10.341346740722656 264
1706867069342 8.926867485046387 276
1706867069411 8.67486572265625 288
1706867069483 8.568723678588867 300
1706867069556 9.169536590576172 312
1706867069626 8.820596694946289 324
1706867069697 10.549408912658691 336
1706867069767 5.787667274475098 348
1706867069838 7.514617919921875 360
1706867069885 15.04373550415039 372
1706867069934 12.101137161254883 352
1706867069974 7.4909210205078125 352
1706867070015 10.487360000610352 352
1706867070054 7.06751823425293 352
1706867070094 9.793586730957031 352
1706867070134 10.449790954589844 352
1706867070173 10.841983795166016 352
1706867070212 9.757634162902832 352
1706867070253 11.992036819458008 352
1706867070292 8.452136039733887 352
1706867070332 6.482240676879883 352
1706867070371 8.298999786376953 352
1706867070411 8.904261589050293 352
1706867070450 15.289591789245605 352
1706867070490 9.481241226196289 352
1706867070530 11.144227981567383 352
1706867070569 10.143895149230957 352
1706867070616 7.406490325927734 352
1706867070656 9.007566452026367 352
1706867070695 11.594541549682617 352
1706867070734 11.65350341796875 352
1706867070774 8.418519973754883 352
1706867070814 8.907136917114258 352
1706867070854 9.653438568115234 352
1706867070893 9.497476577758789 352
1706867070933 9.246590614318848 352
1706867070995 10.046858787536621 352
1706867071036 10.260942459106445 352
1706867071077 8.477787017822266 352
1706867071117 10.210675239562988 352
1706867071157 9.554431915283203 352
1706867071181 14.502400398254395 352
1706867071254 7.32131290435791 0
1706867071324 9.378318786621094 13
1706867071394 10.714338302612305 26
1706867071464 9.306941986083984 39
1706867071536 9.213502883911133 52
1706867071609 8.304813385009766 65
1706867071681 7.376236915588379 78
1706867071753 8.983978271484375 91
1706867071825 7.293035507202148 104
1706867071910 9.320732116699219 117
1706867071981 10.435298919677734 130
1706867072052 9.104961395263672 143
1706867072124 7.272088050842285 156
1706867072192 11.709834098815918 169
1706867072264 7.528165817260742 182
1706867072334 6.769143581390381 195
1706867072428 8.549562454223633 208
1706867072497 6.489084243774414 221
1706867072567 11.987744331359863 234
1706867072636 7.705914497375488 247
1706867072741 10.255664825439453 260
1706867072812 8.050647735595703 273
1706867072881 10.084518432617188 286
1706867072952 8.581525802612305 299
1706867073022 10.16939926147461 312
1706867073091 5.192953586578369 325
1706867073161 6.692062854766846 338
1706867073231 11.092352867126465 351
1706867073301 5.600315093994141 364
1706867073373 8.587942123413086 377
1706867073446 6.435303688049316 390
1706867073492 6.863161087036133 403
1706867073542 9.836523056030273 384
1706867073583 10.43077278137207 384
1706867073624 12.718029022216797 384
1706867073665 6.960405349731445 384
1706867073705 9.660789489746094 384
1706867073746 10.16014289855957 384
1706867073787 9.963149070739746 384
1706867073828 10.235550880432129 384
1706867073869 8.290914535522461 384
1706867073910 7.862078666687012 384
1706867073950 7.3026275634765625 384
1706867073991 7.834437370300293 384
1706867074031 7.284222602844238 384
1706867074071 11.127275466918945 384
1706867074112 8.591924667358398 384
1706867074152 13.005000114440918 384
1706867074194 10.316150665283203 384
1706867074234 7.031946659088135 384
1706867074275 7.445805072784424 384
1706867074316 8.784557342529297 384
1706867074357 10.185633659362793 384
1706867074397 7.671688079833984 384
1706867074438 7.123576641082764 384
1706867074479 6.678155899047852 384
1706867074519 9.396553993225098 384
1706867074559 6.579122543334961 384
1706867074600 8.761226654052734 384
1706867074640 7.884697914123535 384
1706867074680 7.75048828125 384
1706867074721 8.19626522064209 384
1706867074761 6.705204010009766 384
1706867074784 13.851415634155273 384
1706867074857 7.679572105407715 0
1706867074925 6.2592644691467285 14
1706867074996 8.98843002319336 28
1706867075067 7.198609828948975 42
1706867075139 6.270904541015625 56
1706867075209 8.087835311889648 70
1706867075279 6.786730766296387 84
1706867075353 6.619853496551514 98
1706867075423 7.159299850463867 112
1706867075493 9.360333442687988 126
1706867075563 7.739952087402344 140
1706867075634 12.441015243530273 154
1706867075702 6.96297025680542 168
1706867075771 6.669344902038574 182
1706867075841 8.667238235473633 196
1706867075910 6.747034549713135 210
1706867075981 16.800846099853516 224
1706867076049 8.870601654052734 238
1706867076120 9.794078826904297 252
1706867076189 7.545778274536133 266
1706867076258 6.419955730438232 280
1706867076329 12.901917457580566 294
1706867076399 8.370631217956543 308
1706867076469 9.714000701904297 322
1706867076540 8.455548286437988 336
1706867076611 6.782747268676758 350
1706867076681 7.42936897277832 364
1706867076750 8.79774284362793 378
1706867076819 4.920069694519043 392
1706867076888 7.652679920196533 406
1706867076957 8.404138565063477 420
1706867077003 11.371243476867676 434
1706867077052 11.237333297729492 416
1706867077148 7.209349155426025 416
1706867077188 10.790882110595703 416
1706867077227 7.570685386657715 416
1706867077266 9.618144989013672 416
1706867077304 12.058248519897461 416
1706867077342 12.604900360107422 416
1706867077380 13.382942199707031 416
1706867077420 10.052642822265625 416
1706867077459 8.733372688293457 416
1706867077497 8.423868179321289 416
1706867077535 9.053768157958984 416
1706867077573 8.843564987182617 416
1706867077611 13.480329513549805 416
1706867077650 11.269235610961914 416
1706867077689 13.275053024291992 416
1706867077728 11.662118911743164 416
1706867077767 8.780048370361328 416
1706867077806 10.020519256591797 416
1706867077844 12.176279067993164 416
1706867077883 9.476730346679688 416
1706867077922 9.186187744140625 416
1706867077960 9.974126815795898 416
1706867077998 7.742505073547363 416
1706867078036 10.180957794189453 416
1706867078074 7.2845563888549805 416
1706867078112 10.950258255004883 416
1706867078150 10.75373649597168 416
1706867078188 8.648239135742188 416
1706867078227 8.900470733642578 416
1706867078264 8.020108222961426 416
1706867078288 13.116722106933594 416
1706867078409 8.430706977844238 0
1706867078478 6.45678186416626 15
1706867078548 6.090912818908691 30
1706867078617 7.802927017211914 45
1706867078687 8.216094970703125 60
1706867078758 6.0281171798706055 75
1706867078826 5.528870105743408 90
1706867078896 7.8052659034729 105
1706867078966 11.014497756958008 120
1706867079036 7.33583927154541 135
1706867079107 8.132431030273438 150
1706867079178 10.219079971313477 165
1706867079247 9.883179664611816 180
1706867079317 9.000181198120117 195
1706867079386 6.461459636688232 210
1706867079460 5.747048854827881 225
1706867079530 9.099994659423828 240
1706867079600 6.86636209487915 255
1706867079671 6.3326945304870605 270
1706867079740 8.83501148223877 285
1706867079809 8.098581314086914 300
1706867079877 5.756260871887207 315
1706867079947 10.797242164611816 330
1706867080016 5.5533928871154785 345
1706867080087 6.907520294189453 360
1706867080159 6.827802658081055 375
1706867080230 6.607985496520996 390
1706867080300 6.477349281311035 405
1706867080371 6.301445484161377 420
1706867080439 5.886837482452393 435
1706867080509 6.508200168609619 450
1706867080555 20.835002899169922 465
1706867080605 10.690133094787598 448
1706867080644 9.165399551391602 448
1706867080683 13.01382064819336 448
1706867080722 8.547857284545898 448
1706867080760 9.003173828125 448
1706867080798 10.057943344116211 448
1706867080836 10.43337631225586 448
1706867080874 13.66673469543457 448
1706867080913 7.574394702911377 448
1706867080951 7.835691452026367 448
1706867080991 8.114397048950195 448
1706867081029 8.867971420288086 448
1706867081068 7.262450218200684 448
1706867081106 11.642589569091797 448
1706867081144 8.389900207519531 448
1706867081183 14.017441749572754 448
1706867081221 10.87088394165039 448
1706867081259 6.745785236358643 448
1706867081298 7.800341606140137 448
1706867081336 9.384370803833008 448
1706867081374 9.692745208740234 448
1706867081413 9.89547061920166 448
1706867081451 10.38586711883545 448
1706867081489 7.249619960784912 448
1706867081528 11.033561706542969 448
1706867081568 6.906011581420898 448
1706867081607 9.815757751464844 448
1706867081645 9.896016120910645 448
1706867081769 8.842808723449707 448
1706867081807 7.747849941253662 448
1706867081846 6.207304000854492 448
1706867081869 16.205276489257812 448
1706867081997 7.9420247077941895 0
1706867082070 6.48423433303833 16
1706867082140 8.461150169372559 32
1706867082211 5.035691261291504 48
1706867082282 7.938774585723877 64
1706867082353 10.323163032531738 80
1706867082423 10.04576587677002 96
1706867082493 5.401198387145996 112
1706867082562 6.352350234985352 128
1706867082632 7.369924545288086 144
1706867082704 8.669220924377441 160
1706867082774 8.717665672302246 176
1706867082844 7.753967761993408 192
1706867082914 5.2810773849487305 208
1706867082985 5.119349479675293 224
1706867083061 5.438673973083496 240
1706867083133 6.153534412384033 256
1706867083205 6.075245380401611 272
1706867083275 9.407608032226562 288
1706867083347 8.793701171875 304
1706867083416 6.956778526306152 320
1706867083491 8.302959442138672 336
1706867083561 8.269704818725586 352
1706867083633 4.8151350021362305 368
1706867083703 5.083863258361816 384
1706867083775 8.234445571899414 400
1706867083845 6.035531997680664 416
1706867083974 11.575551986694336 432
1706867084044 6.745301723480225 448
1706867084116 6.773369789123535 464
1706867084186 10.409072875976562 480
1706867084233 6.021529674530029 496
1706867084284 10.619377136230469 480
1706867084325 9.182125091552734 480
1706867084366 13.595184326171875 480
1706867084406 6.627632141113281 480
1706867084446 8.362492561340332 480
1706867084486 9.90433406829834 480
1706867084525 9.732769012451172 480
1706867084566 11.273958206176758 480
1706867084608 10.872762680053711 480
1706867084648 7.513057708740234 480
1706867084688 7.130336284637451 480
1706867084728 6.93149995803833 480
1706867084768 8.581335067749023 480
1706867084807 11.48415470123291 480
1706867084847 8.893728256225586 480
1706867084887 13.094564437866211 480
1706867084926 11.221980094909668 480
1706867084966 8.466920852661133 480
1706867085006 7.0099663734436035 480
1706867085046 8.400846481323242 480
1706867085085 13.572457313537598 480
1706867085126 9.987936019897461 480
1706867085166 6.336725234985352 480
1706867085206 7.747520923614502 480
1706867085246 7.856541633605957 480
1706867085286 8.983652114868164 480
1706867085326 8.607902526855469 480
1706867085365 8.273649215698242 480
1706867085405 10.794122695922852 480
1706867085445 7.85716438293457 480
1706867085484 7.22721004486084 480
1706867085508 14.909640312194824 480
1706867085593 5.986185550689697 0
1706867085665 6.551794052124023 17
1706867085735 5.424467086791992 34
1706867085805 6.247600078582764 51
1706867085875 5.527464866638184 68
1706867085944 6.590631008148193 85
1706867086013 7.233858108520508 102
1706867086082 9.343364715576172 119
1706867086152 9.894214630126953 136
1706867086222 7.509470462799072 153
1706867086292 7.781099796295166 170
1706867086362 6.604775428771973 187
1706867086433 9.19504165649414 204
1706867086503 8.929292678833008 221
1706867086574 7.664275169372559 238
1706867086645 9.290878295898438 255
1706867086716 6.301970481872559 272
1706867086786 7.891836166381836 289
1706867086856 9.189458847045898 306
1706867086927 7.430869102478027 323
1706867086998 7.448010444641113 340
1706867087067 6.179733753204346 357
1706867087138 7.468928337097168 374
1706867087208 5.857105255126953 391
1706867087305 6.977743148803711 408
1706867087375 8.224037170410156 425
1706867087445 5.926674842834473 442
1706867087515 12.235698699951172 459
1706867087586 7.310537815093994 476
1706867087656 4.936773777008057 493
1706867087726 6.051212787628174 510
1706867087772 13.099038124084473 527
1706867087822 11.296541213989258 512
1706867087863 10.47756576538086 512
1706867087904 10.936494827270508 512
1706867087943 5.515758037567139 512
1706867087982 8.647195816040039 512
1706867088021 10.025749206542969 512
1706867088060 11.41929817199707 512
1706867088099 10.47053337097168 512
1706867088140 11.386466979980469 512
1706867088179 7.386135578155518 512
1706867088218 6.969228744506836 512
1706867088257 8.85521125793457 512
1706867088295 7.405274391174316 512
1706867088334 12.535198211669922 512
1706867088373 8.65943717956543 512
1706867088413 13.6163911819458 512
1706867088451 8.987100601196289 512
1706867088490 6.292019844055176 512
1706867088530 8.498343467712402 512
1706867088569 9.804553031921387 512
1706867088608 9.513092041015625 512
1706867088650 9.985672950744629 512
1706867088688 9.967305183410645 512
1706867088727 8.638842582702637 512
1706867088766 7.148429870605469 512
1706867088805 9.631509780883789 512
1706867088844 10.758993148803711 512
1706867088883 8.219938278198242 512
1706867088921 9.487710952758789 512
1706867088960 7.8120036125183105 512
1706867088999 7.285247802734375 512
1706867089023 14.866067886352539 512
1706867089094 5.997215747833252 0
1706867089163 7.907743453979492 18
1706867089234 6.607492923736572 36
1706867089304 6.156960964202881 54
1706867089374 8.09863567352295 72
1706867089444 6.592323303222656 90
1706867089513 6.579061985015869 108
1706867089585 7.019730567932129 126
1706867089656 7.92557430267334 144
1706867089726 5.415107727050781 162
1706867089796 5.105393886566162 180
1706867089865 6.2317023277282715 198
1706867089936 6.1205854415893555 216
1706867090006 5.367866516113281 234
1706867090076 6.95992374420166 252
1706867090144 9.557058334350586 270
1706867090215 10.42537784576416 288
1706867090285 8.537338256835938 306
1706867090354 6.388223648071289 324
1706867090424 7.961954116821289 342
1706867090493 6.435234069824219 360
1706867090564 4.6558837890625 378
1706867090633 9.297813415527344 396
1706867090701 6.691379547119141 414
1706867090773 7.171419620513916 432
1706867090845 6.333777904510498 450
1706867090916 8.167237281799316 468
1706867090985 6.084511756896973 486
1706867091055 6.291351795196533 504
1706867091124 8.047691345214844 522
1706867091218 7.6328959465026855 540
1706867091265 6.109897136688232 558
1706867091315 9.730240821838379 544
1706867091356 7.6032257080078125 544
1706867091396 9.679941177368164 544
1706867091436 6.024035453796387 544
1706867091475 7.858553886413574 544
1706867091514 12.315145492553711 544
1706867091553 10.128710746765137 544
1706867091592 10.649627685546875 544
1706867091633 11.300694465637207 544
1706867091672 8.11508560180664 544
1706867091712 5.970802307128906 544
1706867091752 8.057601928710938 544
1706867091791 9.195587158203125 544
1706867091831 12.095824241638184 544
1706867091871 8.548013687133789 544
1706867091911 12.005006790161133 544
1706867091950 10.024953842163086 544
1706867091990 7.19218635559082 544
1706867092029 8.213373184204102 544
1706867092069 9.606623649597168 544
1706867092108 10.657886505126953 544
1706867092149 9.024721145629883 544
1706867092188 8.830163955688477 544
1706867092228 6.838807106018066 544
1706867092268 8.314793586730957 544
1706867092307 7.264947891235352 544
1706867092351 8.971380233764648 544
1706867092391 9.076360702514648 544
1706867092437 8.244280815124512 544
1706867092477 7.7797369956970215 544
1706867092516 7.314511775970459 544
1706867092541 13.835063934326172 544
1706867092629 5.809540748596191 0
1706867092702 6.627355575561523 19
1706867092773 5.06081485748291 38
1706867092843 6.779501914978027 57
1706867092916 6.974766731262207 76
1706867092986 7.650344371795654 95
1706867093057 5.232036590576172 114
1706867093127 7.328245162963867 133
1706867093199 7.181750297546387 152
1706867093268 6.355717182159424 171
1706867093338 7.32217264175415 190
1706867093410 4.048096656799316 209
1706867093483 5.316986083984375 228
1706867093554 6.440762519836426 247
1706867093626 6.506186485290527 266
1706867093700 6.641200542449951 285
1706867093774 6.89078950881958 304
1706867093844 3.4660634994506836 323
1706867093942 6.444221019744873 342
1706867094011 8.377432823181152 361
1706867094081 7.347394943237305 380
1706867094150 6.830686569213867 399
1706867094221 6.21375846862793 418
1706867094290 6.426390171051025 437
1706867094359 4.848747253417969 456
1706867094428 4.722535610198975 475
1706867094497 5.722679615020752 494
1706867094567 4.501312732696533 513
1706867094636 5.236753940582275 532
1706867094707 6.228466987609863 551
1706867094776 6.178408622741699 570
1706867094820 5.306701183319092 589
1706867094870 12.709097862243652 576
1706867094911 8.555366516113281 576
1706867094951 10.575953483581543 576
1706867094990 5.72739315032959 576
1706867095028 8.869308471679688 576
1706867095067 9.208675384521484 576
1706867095106 11.38028335571289 576
1706867095144 10.86864185333252 576
1706867095184 9.410102844238281 576
1706867095223 8.18276596069336 576
1706867095261 7.3641581535339355 576
1706867095300 8.69188404083252 576
1706867095338 8.584869384765625 576
1706867095377 12.436981201171875 576
1706867095416 9.235702514648438 576
1706867095454 11.504823684692383 576
1706867095492 10.117250442504883 576
1706867095531 6.968671798706055 576
1706867095569 8.753628730773926 576
1706867095608 9.172407150268555 576
1706867095646 11.545040130615234 576
1706867095686 11.342434883117676 576
1706867095725 8.8431978225708 576
1706867095763 6.749457359313965 576
1706867095802 8.606962203979492 576
1706867095840 7.850465774536133 576
1706867095878 8.133666038513184 576
1706867095918 9.386933326721191 576
1706867095956 9.816843032836914 576
1706867095994 9.651712417602539 576
1706867096033 7.540134429931641 576
1706867096056 13.530532836914062 576
1706867096148 4.163597106933594 0
1706867096217 6.786168098449707 20
1706867096286 6.356858730316162 40
1706867096355 5.315030097961426 60
1706867096424 7.71561861038208 80
1706867096493 7.151037216186523 100
1706867096563 5.516585350036621 120
1706867096637 7.148834228515625 140
1706867096710 6.286089897155762 160
1706867096779 6.675112724304199 180
1706867096848 7.722616672515869 200
1706867096918 7.352367401123047 220
1706867096986 7.3077592849731445 240
1706867097055 6.384161949157715 260
1706867097123 3.8775525093078613 280
1706867097194 5.070032119750977 300
1706867097263 8.496763229370117 320
1706867097330 6.655643463134766 340
1706867097400 5.695705413818359 360
1706867097468 5.513143062591553 380
1706867097540 6.5639567375183105 400
1706867097607 5.4868974685668945 420
1706867097678 6.574343204498291 440
1706867097746 4.9103803634643555 460
1706867097815 5.894944667816162 480
1706867097885 5.735085487365723 500
1706867097952 6.466821193695068 520
1706867098021 5.859076499938965 540
1706867098089 5.147371292114258 560
1706867098157 6.416593551635742 580
1706867098227 4.125941276550293 600
1706867098272 7.063521862030029 620
1706867098321 10.27337646484375 608
1706867098361 8.42323112487793 608
1706867098401 11.434869766235352 608
1706867098440 8.013239860534668 608
1706867098478 8.691740989685059 608
1706867098516 10.417943954467773 608
1706867098554 9.515884399414062 608
1706867098594 11.154393196105957 608
1706867098635 8.121253967285156 608
1706867098674 8.704360008239746 608
1706867098712 8.893946647644043 608
1706867098750 7.405589580535889 608
1706867098790 7.807191848754883 608
1706867098828 14.011778831481934 608
1706867098867 10.04616641998291 608
1706867098906 12.526106834411621 608
1706867098944 11.383661270141602 608
1706867098982 7.610213756561279 608
1706867099021 6.779942512512207 608
1706867099059 9.370054244995117 608
1706867099097 10.88935375213623 608
1706867099137 9.906754493713379 608
1706867099175 9.82046127319336 608
1706867099214 7.283576965332031 608
1706867099252 10.278266906738281 608
1706867099290 7.176864147186279 608
1706867099329 11.640886306762695 608
1706867099368 7.778017520904541 608
1706867099407 9.658997535705566 608
1706867099445 8.729772567749023 608
1706867099483 8.880561828613281 608
1706867099507 14.830619812011719 608
1706867099601 5.179812431335449 0
1706867099669 5.555574417114258 21
1706867099736 4.189723014831543 42
1706867099805 7.521374702453613 63
1706867099873 9.132233619689941 84
1706867099942 4.635440349578857 105
1706867100010 10.595723152160645 126
1706867100078 7.007613182067871 147
1706867100148 7.783171653747559 168
1706867100215 5.152713775634766 189
1706867100285 6.996708869934082 210
1706867100354 8.205163955688477 231
1706867100423 9.771705627441406 252
1706867100491 5.330547332763672 273
1706867100559 4.6685614585876465 294
1706867100628 6.963454246520996 315
1706867100697 6.32405424118042 336
1706867100764 7.57735538482666 357
1706867100834 5.934286594390869 378
1706867100903 7.260589599609375 399
1706867100972 5.046215057373047 420
1706867101040 7.0491509437561035 441
1706867101109 7.674310684204102 462
1706867101182 6.834157466888428 483
1706867101254 7.62003231048584 504
1706867101323 10.741438865661621 525
1706867101392 5.5253214836120605 546
1706867101460 5.493706703186035 567
1706867101530 4.969968795776367 588
1706867101597 5.7818603515625 609
1706867101664 5.364095687866211 630
1706867101709 6.390393257141113 651
1706867101758 10.661843299865723 640
1706867101798 7.624054908752441 640
1706867101839 10.339546203613281 640
1706867101878 6.30889368057251 640
1706867101917 7.739882469177246 640
1706867101956 10.685827255249023 640
1706867101995 10.47982406616211 640
1706867102034 10.577364921569824 640
1706867102074 10.355281829833984 640
1706867102113 8.540522575378418 640
1706867102153 8.105157852172852 640
1706867102191 9.46545696258545 640
1706867102230 7.695389747619629 640
1706867102268 12.220824241638184 640
1706867102307 8.627564430236816 640
1706867102346 11.514226913452148 640
1706867102385 9.036139488220215 640
1706867102423 7.681106090545654 640
1706867102482 7.62920618057251 640
1706867102521 9.092428207397461 640
1706867102559 11.273443222045898 640
1706867102598 8.687289237976074 640
1706867102638 10.433335304260254 640
1706867102677 7.871223449707031 640
1706867102716 7.884756088256836 640
1706867102755 10.183416366577148 640
1706867102794 8.70318603515625 640
1706867102833 9.460953712463379 640
1706867102872 9.389333724975586 640
1706867102911 9.786907196044922 640
1706867102950 8.198160171508789 640
1706867102973 12.36959171295166 640
1706867103070 5.169210433959961 0
1706867103139 4.038888454437256 22
1706867103207 6.122349262237549 44
1706867103276 7.527159690856934 66
1706867103346 6.249949932098389 88
1706867103414 7.277881145477295 110
1706867103484 6.033147811889648 132
1706867103553 12.300057411193848 154
1706867103622 5.446457386016846 176
1706867103691 4.325493812561035 198
1706867103760 6.929091453552246 220
1706867103828 9.203505516052246 242
1706867103897 5.482252597808838 264
1706867103967 8.391300201416016 286
1706867104036 6.936285018920898 308
1706867104105 6.682549953460693 330
1706867104173 6.304352283477783 352
1706867104242 8.706554412841797 374
1706867104312 6.338708877563477 396
1706867104379 4.240007400512695 418
1706867104449 4.864719867706299 440
1706867104517 6.644793510437012 462
1706867104585 4.711026191711426 484
1706867104654 8.957223892211914 506
1706867104721 8.313783645629883 528
1706867104790 4.06273078918457 550
1706867104857 3.8354949951171875 572
1706867104925 7.130411148071289 594
1706867104992 4.750452518463135 616
1706867105062 7.2916669845581055 638
1706867105132 9.365562438964844 660
1706867105177 2.9529683589935303 682
1706867105225 11.266822814941406 672
1706867105265 9.310057640075684 672
1706867105306 11.308786392211914 672
1706867105345 6.736784934997559 672
1706867105383 6.586123943328857 672
1706867105422 9.32517147064209 672
1706867105466 10.373228073120117 672
1706867105504 11.292866706848145 672
1706867105544 9.025032043457031 672
1706867105583 7.346579074859619 672
1706867105622 7.9984002113342285 672
1706867105661 7.764847278594971 672
1706867105700 8.187355041503906 672
1706867105739 11.371010780334473 672
1706867105777 8.082160949707031 672
1706867105817 12.814315795898438 672
1706867105855 10.349573135375977 672
1706867105894 6.373145580291748 672
1706867105933 7.040916919708252 672
1706867105973 7.5675554275512695 672
1706867106011 12.068084716796875 672
1706867106050 9.050046920776367 672
1706867106088 10.590840339660645 672
1706867106127 7.670665740966797 672
1706867106166 8.52402114868164 672
1706867106205 7.81333065032959 672
1706867106243 9.99839973449707 672
1706867106281 9.581465721130371 672
1706867106320 10.252801895141602 672
1706867106359 7.606895923614502 672
1706867106398 7.178776741027832 672
1706867106421 9.94900894165039 672
1706867106488 7.66071891784668 0
1706867106555 3.5255126953125 23
1706867106625 5.22847843170166 46
1706867106693 8.51921272277832 69
1706867106761 4.568581581115723 92
1706867106829 4.461685657501221 115
1706867106898 4.025911331176758 138
1706867106965 4.305965423583984 161
1706867107033 4.051992893218994 184
1706867107101 4.959061622619629 207
1706867107171 6.903262138366699 230
1706867107241 7.588797569274902 253
1706867107310 3.617913246154785 276
1706867107379 6.634364128112793 299
1706867107447 6.1578779220581055 322
1706867107516 6.247284889221191 345
1706867107585 6.787357330322266 368
1706867107653 5.647877216339111 391
1706867107720 3.9890732765197754 414
1706867107788 10.077406883239746 437
1706867107856 4.789407253265381 460
1706867107923 5.282444953918457 483
1706867107991 5.319978713989258 506
1706867108058 7.188267230987549 529
1706867108126 7.198722839355469 552
1706867108193 6.269315242767334 575
1706867108261 6.180832862854004 598
1706867108329 5.1763410568237305 621
1706867108399 5.380568504333496 644
1706867108468 7.273007869720459 667
1706867108535 6.072508335113525 690
1706867108579 6.977072238922119 713
1706867108628 11.032394409179688 704
1706867108668 8.696062088012695 704
1706867108708 10.708205223083496 704
1706867108747 8.600613594055176 704
1706867108785 10.397714614868164 704
1706867108824 11.14709186553955 704
1706867108863 11.895573616027832 704
1706867108901 12.146364212036133 704
1706867108941 9.90338134765625 704
1706867108979 9.780294418334961 704
1706867109018 9.665223121643066 704
1706867109056 11.019632339477539 704
1706867109094 10.410608291625977 704
1706867109132 14.047551155090332 704
1706867109171 12.252803802490234 704
1706867109210 13.458784103393555 704
1706867109249 9.459044456481934 704
1706867109288 7.602982997894287 704
1706867109326 10.657529830932617 704
1706867109365 12.385087966918945 704
1706867109403 10.332361221313477 704
1706867109442 9.644136428833008 704
1706867109480 11.505796432495117 704
1706867109518 7.259335517883301 704
1706867109556 12.491826057434082 704
1706867109595 8.929831504821777 704
1706867109633 12.749859809875488 704
1706867109672 9.982686996459961 704
1706867109711 8.952088356018066 704
1706867109749 10.63967514038086 704
1706867109787 10.70138931274414 704
1706867109811 14.395276069641113 704
1706867109927 7.940126895904541 0
1706867109995 5.464795112609863 24
1706867110067 5.173281669616699 48
1706867110136 6.487653732299805 72
1706867110206 4.7306013107299805 96
1706867110274 10.669527053833008 120
1706867110344 7.810624122619629 144
1706867110411 4.213373184204102 168
1706867110481 5.468792915344238 192
1706867110552 5.147704124450684 216
1706867110622 7.128569602966309 240
1706867110691 3.991549015045166 264
1706867110759 5.255647659301758 288
1706867110826 3.8231537342071533 312
1706867110894 5.366415977478027 336
1706867110963 5.4108171463012695 360
1706867111031 8.596229553222656 384
1706867111099 4.826864719390869 408
1706867111166 5.348306655883789 432
1706867111234 4.376376152038574 456
1706867111303 4.742997169494629 480
1706867111373 6.754018306732178 504
1706867111441 7.172913551330566 528
1706867111511 5.510766983032227 552
1706867111579 7.290517807006836 576
1706867111647 7.341342449188232 600
1706867111715 8.201313018798828 624
1706867111783 3.8141732215881348 648
1706867111853 6.332204818725586 672
1706867111925 6.8044586181640625 696
1706867111994 5.739031791687012 720
1706867112038 7.937774658203125 744
1706867112088 11.731390953063965 736
1706867112127 6.387784957885742 736
1706867112168 9.18598747253418 736
1706867112206 7.433426380157471 736
1706867112245 9.5689697265625 736
1706867112284 11.853005409240723 736
1706867112322 11.027242660522461 736
1706867112360 10.37390422821045 736
1706867112400 10.318365097045898 736
1706867112438 9.066642761230469 736
1706867112477 7.564101219177246 736
1706867112515 9.240474700927734 736
1706867112553 8.283304214477539 736
1706867112591 14.05964469909668 736
1706867112629 12.630553245544434 736
1706867112667 11.812257766723633 736
1706867112705 9.82689094543457 736
1706867112743 6.870222568511963 736
1706867112782 7.939549446105957 736
1706867112820 9.809514999389648 736
1706867112858 12.063304901123047 736
1706867112897 9.498968124389648 736
1706867112934 11.083747863769531 736
1706867112973 7.812966823577881 736
1706867113011 7.462113380432129 736
1706867113049 8.404826164245605 736
1706867113087 12.721851348876953 736
1706867113126 9.683244705200195 736
1706867113165 9.019808769226074 736
1706867113203 9.48318099975586 736
1706867113241 8.221004486083984 736
1706867113264 11.579658508300781 736
1706867113361 6.049177646636963 0
1706867113429 5.120890140533447 25
1706867113498 4.376917362213135 50
1706867113565 8.470396041870117 75
1706867113635 8.251907348632812 100
1706867113704 4.96954870223999 125
1706867113772 6.971522331237793 150
1706867113840 5.442880630493164 175
1706867113910 5.857285976409912 200
1706867113978 5.331470012664795 225
1706867114047 6.336906433105469 250
1706867114116 6.466348171234131 275
1706867114184 5.308855056762695 300
1706867114252 4.45428991317749 325
1706867114320 7.29116153717041 350
1706867114389 6.316695213317871 375
1706867114458 9.363014221191406 400
1706867114526 7.631871223449707 425
1706867114594 5.627093315124512 450
1706867114662 7.269186019897461 475
1706867114730 6.663727760314941 500
1706867114798 5.184078216552734 525
1706867114865 4.849434852600098 550
1706867114933 5.052367210388184 575
1706867115003 7.409956932067871 600
1706867115071 5.585875511169434 625
1706867115141 5.320892810821533 650
1706867115209 5.938385963439941 675
1706867115279 5.144486427307129 700
1706867115347 4.983280658721924 725
1706867115417 7.043347358703613 750
1706867115461 14.334282875061035 775
1706867115510 11.463603019714355 768
1706867115551 8.19625186920166 768
1706867115591 11.872771263122559 768
1706867115630 6.482550144195557 768
1706867115669 8.25964069366455 768
1706867115709 10.073427200317383 768
1706867115748 9.682188034057617 768
1706867115787 10.856703758239746 768
1706867115828 8.056719779968262 768
1706867115867 7.596147537231445 768
1706867115906 7.488151550292969 768
1706867115945 8.003405570983887 768
1706867115983 8.20959186553955 768
1706867116023 11.567081451416016 768
1706867116062 8.43850326538086 768
1706867116100 12.06627082824707 768
1706867116139 10.163131713867188 768
1706867116179 5.318857192993164 768
1706867116217 7.591448783874512 768
1706867116256 9.34497356414795 768
1706867116295 11.132701873779297 768
1706867116334 10.295153617858887 768
1706867116373 7.360100269317627 768
1706867116412 6.878470420837402 768
1706867116451 7.9969482421875 768
1706867116489 7.110167980194092 768
1706867116528 11.236701011657715 768
1706867116567 9.755346298217773 768
1706867116605 10.107805252075195 768
1706867116644 8.562358856201172 768
1706867116684 6.5594072341918945 768
1706867116707 13.018805503845215 768
1706867116829 5.071724891662598 0
1706867116899 7.264451026916504 26
1706867116967 4.640614032745361 52
1706867117035 12.796748161315918 78
1706867117104 5.588301658630371 104
1706867117173 5.64453125 130
1706867117243 4.878030776977539 156
1706867117312 7.9846649169921875 182
1706867117382 5.685878276824951 208
1706867117452 7.95064640045166 234
1706867117548 6.709559917449951 260
1706867117617 6.783236503601074 286
1706867117685 7.897757053375244 312
1706867117754 5.1415534019470215 338
1706867117825 6.206075668334961 364
1706867117895 7.046545028686523 390
1706867117963 5.671283721923828 416
1706867118032 7.067559242248535 442
1706867118099 3.8024251461029053 468
1706867118167 4.842198848724365 494
1706867118235 3.7442855834960938 520
1706867118303 5.613905906677246 546
1706867118374 5.7621965408325195 572
1706867118445 5.023553848266602 598
1706867118512 8.192163467407227 624
1706867118580 4.391000747680664 650
1706867118649 4.13256311416626 676
1706867118718 5.398434638977051 702
1706867118785 4.542426109313965 728
1706867118855 4.645455360412598 754
1706867118923 5.290703296661377 780
1706867118967 5.587178707122803 806
1706867119016 9.843295097351074 800
1706867119056 10.191988945007324 800
1706867119096 11.338397979736328 800
1706867119135 6.325056552886963 800
1706867119175 10.065959930419922 800
1706867119213 10.709863662719727 800
1706867119253 10.621845245361328 800
1706867119291 10.906686782836914 800
1706867119329 9.460283279418945 800
1706867119367 7.998822212219238 800
1706867119405 10.476524353027344 800
1706867119444 9.424793243408203 800
1706867119482 9.754347801208496 800
1706867119520 14.160941123962402 800
1706867119558 10.250160217285156 800
1706867119596 12.800453186035156 800
1706867119634 9.2035493850708 800
1706867119672 7.363609313964844 800
1706867119711 8.620298385620117 800
1706867119749 9.962854385375977 800
1706867119788 10.832921028137207 800
1706867119826 10.007928848266602 800
1706867119864 11.134614944458008 800
1706867119902 6.919719696044922 800
1706867119940 10.37936782836914 800
1706867119978 9.648155212402344 800
1706867120017 10.420873641967773 800
1706867120055 7.573607444763184 800
1706867120093 8.944266319274902 800
1706867120132 9.324851036071777 800
1706867120170 8.35976791381836 800
1706867120201 11.836688995361328 800
1706867120331 4.441648483276367 0
1706867120402 5.95896053314209 27
1706867120472 6.506831169128418 54
1706867120542 3.3402411937713623 81
1706867120614 6.142358303070068 108
1706867120683 2.727384090423584 135
1706867120754 6.47813081741333 162
1706867120821 5.0777435302734375 189
1706867120891 7.621655464172363 216
1706867120959 4.734635353088379 243
1706867121028 6.598717212677002 270
1706867121096 3.3320140838623047 297
1706867121165 5.658686637878418 324
1706867121234 6.100878715515137 351
1706867121303 5.598908424377441 378
1706867121371 4.867763519287109 405
1706867121441 5.082820892333984 432
1706867121509 6.048336029052734 459
1706867121577 5.452014446258545 486
1706867121644 3.7285284996032715 513
1706867121714 5.703689098358154 540
1706867121782 4.001927852630615 567
1706867121852 6.813901901245117 594
1706867121922 4.440387725830078 621
1706867121992 6.504734992980957 648
1706867122061 10.844903945922852 675
1706867122130 4.057878017425537 702
1706867122200 5.618508338928223 729
1706867122270 4.225198745727539 756
1706867122340 6.299598693847656 783
1706867122411 4.725744247436523 810
1706867122456 10.71588134765625 837
1706867122502 9.026960372924805 832
1706867122541 7.684605598449707 832
1706867122580 9.624749183654785 832
1706867122617 5.8561601638793945 832
1706867122657 8.04544448852539 832
1706867122695 11.510534286499023 832
1706867122733 10.527042388916016 832
1706867122770 10.640807151794434 832
1706867122809 9.939006805419922 832
1706867122849 7.956310272216797 832
1706867122889 7.445855140686035 832
1706867122927 8.259683609008789 832
1706867122966 8.081077575683594 832
1706867123003 12.385526657104492 832
1706867123043 9.237248420715332 832
1706867123082 12.5095853805542 832
1706867123122 11.021748542785645 832
1706867123161 5.600254535675049 832
1706867123202 7.181119441986084 832
1706867123241 7.174598693847656 832
1706867123281 10.316606521606445 832
1706867123320 9.516523361206055 832
1706867123359 8.353107452392578 832
1706867123398 7.434660911560059 832
1706867123438 8.287996292114258 832
1706867123477 7.195098876953125 832
1706867123516 10.187220573425293 832
1706867123556 8.571422576904297 832
1706867123595 9.657672882080078 832
1706867123632 9.053226470947266 832
1706867123671 6.932774543762207 832
1706867123694 13.767574310302734 832
1706867123760 4.321288585662842 0
1706867123830 6.218873023986816 28
1706867123898 6.180540561676025 56
1706867123968 4.894255638122559 84
1706867124036 5.027988910675049 112
1706867124106 5.67830228805542 140
1706867124175 5.892060279846191 168
1706867124243 5.7296319007873535 196
1706867124311 4.930539608001709 224
1706867124382 4.621233940124512 252
1706867124451 5.852241039276123 280
1706867124521 8.53303337097168 308
1706867124590 7.424376010894775 336
1706867124660 5.2592668533325195 364
1706867124730 6.542309761047363 392
1706867124798 4.664587020874023 420
1706867124866 8.235836029052734 448
1706867124936 4.313568592071533 476
1706867125004 6.100653648376465 504
1706867125072 5.299683094024658 532
1706867125141 5.001546859741211 560
1706867125209 6.437032699584961 588
1706867125278 3.4990930557250977 616
1706867125345 6.197877407073975 644
1706867125413 4.208605766296387 672
1706867125481 3.8072755336761475 700
1706867125550 4.5600457191467285 728
1706867125620 4.566823482513428 756
1706867125687 4.083002090454102 784
1706867125756 4.18090295791626 812
1706867125823 5.648687839508057 840
1706867125867 6.653650283813477 868
1706867125914 9.339249610900879 864
1706867125953 8.36293888092041 864
1706867125993 10.4923677444458 864
1706867126031 5.480341911315918 864
1706867126070 7.60308313369751 864
1706867126108 9.93214225769043 864
1706867126146 10.550559997558594 864
1706867126184 10.436816215515137 864
1706867126224 10.121908187866211 864
1706867126262 7.521077632904053 864
1706867126300 7.382724761962891 864
1706867126339 8.158662796020508 864
1706867126377 6.832082748413086 864
1706867126416 12.362317085266113 864
1706867126454 9.099281311035156 864
1706867126492 11.32492446899414 864
1706867126530 8.814632415771484 864
1706867126569 5.592805862426758 864
1706867126608 7.549688339233398 864
1706867126646 10.001310348510742 864
1706867126685 10.872892379760742 864
1706867126723 9.56434440612793 864
1706867126761 8.756248474121094 864
1706867126799 6.355266571044922 864
1706867126838 9.037873268127441 864
1706867126876 6.9711103439331055 864
1706867126915 9.913041114807129 864
1706867126953 8.202289581298828 864
1706867126992 8.7855224609375 864
1706867127029 9.173555374145508 864
1706867127068 7.70390510559082 864
1706867127091 11.937232971191406 864
1706867127181 7.260608196258545 0
1706867127252 6.790693283081055 29
1706867127320 5.10379695892334 58
1706867127389 4.115447998046875 87
1706867127458 6.127878189086914 116
1706867127526 8.721445083618164 145
1706867127594 5.875047206878662 174
1706867127662 5.742697715759277 203
1706867127731 6.782583236694336 232
1706867127800 4.90765380859375 261
1706867127869 7.1263651847839355 290
1706867127936 5.477099418640137 319
1706867128004 5.353127956390381 348
1706867128072 4.551428318023682 377
1706867128141 6.608783721923828 406
1706867128211 4.587695121765137 435
1706867128282 4.8845720291137695 464
1706867128351 4.470935344696045 493
1706867128421 3.8460237979888916 522
1706867128491 4.318850517272949 551
1706867128561 4.675393104553223 580
1706867128630 4.17656135559082 609
1706867128699 7.50262975692749 638
1706867128768 5.491918087005615 667
1706867128838 4.316697120666504 696
1706867128907 6.51112174987793 725
1706867128976 7.79677677154541 754
1706867129044 7.377408981323242 783
1706867129113 7.157066345214844 812
1706867129180 3.490899085998535 841
1706867129249 5.972359657287598 870
1706867129295 8.981468200683594 899
1706867129350 10.127283096313477 896
1706867129390 9.4097900390625 896
1706867129430 11.196451187133789 896
1706867129468 7.499885082244873 896
1706867129507 10.525249481201172 896
1706867129546 12.030583381652832 896
1706867129586 9.9476318359375 896
1706867129625 10.176671981811523 896
1706867129664 11.618309020996094 896
1706867129702 8.729156494140625 896
1706867129741 8.457928657531738 896
1706867129779 8.95902156829834 896
1706867129817 11.33179759979248 896
1706867129856 15.019591331481934 896
1706867129894 8.437662124633789 896
1706867129933 12.856966018676758 896
1706867129971 9.979473114013672 896
1706867130010 6.437492370605469 896
1706867130049 7.726864814758301 896
1706867130087 8.800409317016602 896
1706867130125 9.830450057983398 896
1706867130164 10.820301055908203 896
1706867130203 10.120649337768555 896
1706867130241 7.811125755310059 896
1706867130280 11.453611373901367 896
1706867130319 9.08498477935791 896
1706867130357 11.637758255004883 896
1706867130396 8.403230667114258 896
1706867130436 10.320476531982422 896
1706867130475 8.788300514221191 896
1706867130514 9.218464851379395 896
1706867130538 16.1846866607666 896
1706867130655 5.174264430999756 0
1706867130723 7.2649006843566895 30
1706867130792 5.303243160247803 60
1706867130861 6.228753089904785 90
1706867130929 4.761229991912842 120
1706867130998 4.7385969161987305 150
1706867131066 3.6280806064605713 180
1706867131139 4.005353927612305 210
1706867131208 7.635354995727539 240
1706867131277 6.0637664794921875 270
1706867131345 9.750988006591797 300
1706867131413 3.2589588165283203 330
1706867131482 3.9199750423431396 360
1706867131553 6.680538654327393 390
1706867131621 8.424808502197266 420
1706867131691 3.7576870918273926 450
1706867131760 4.473852634429932 480
1706867131827 5.4644269943237305 510
1706867131895 4.322968482971191 540
1706867131963 5.063453674316406 570
1706867132031 6.576876640319824 600
1706867132101 3.238227367401123 630
1706867132171 5.344188690185547 660
1706867132239 3.0150046348571777 690
1706867132308 5.320137023925781 720
1706867132377 8.71119213104248 750
1706867132447 4.607271671295166 780
1706867132516 3.955902099609375 810
1706867132588 4.216246604919434 840
1706867132657 5.699254035949707 870
1706867132725 9.00097942352295 900
1706867132770 21.239398956298828 930
1706867132892 10.33258056640625 928
1706867132933 9.189035415649414 928
1706867132973 9.274248123168945 928
1706867133012 6.359919548034668 928
1706867133051 8.047966957092285 928
1706867133090 9.564467430114746 928
1706867133130 9.888727188110352 928
1706867133169 11.272292137145996 928
1706867133208 9.836442947387695 928
1706867133246 7.552456855773926 928
1706867133285 7.248030185699463 928
1706867133323 8.592982292175293 928
1706867133362 7.957144737243652 928
1706867133400 11.775835037231445 928
1706867133439 9.31069564819336 928
1706867133478 12.142597198486328 928
1706867133516 9.517412185668945 928
1706867133555 5.974905967712402 928
1706867133595 7.449710845947266 928
1706867133634 8.31116008758545 928
1706867133672 9.821622848510742 928
1706867133711 9.750373840332031 928
1706867133750 9.230130195617676 928
1706867133788 7.412405967712402 928
1706867133827 8.870099067687988 928
1706867133866 8.242280960083008 928
1706867133905 9.931455612182617 928
1706867133944 9.432490348815918 928
1706867133982 9.765884399414062 928
1706867134021 7.697989463806152 928
1706867134060 7.697600364685059 928
1706867134083 13.190291404724121 928
