1706867028306 1690.842529296875 0
1706867028391 1331.681396484375 1
1706867028474 1732.399658203125 2
1706867028550 1441.8525390625 3
1706867028627 1511.14599609375 4
1706867028698 1887.852294921875 5
1706867028769 1580.814208984375 6
1706867028839 1373.5054931640625 7
1706867028909 985.2860107421875 8
1706867028978 1619.85546875 9
1706867029047 1203.2103271484375 10
1706867029117 738.1951293945312 11
1706867029186 1179.6015625 12
1706867029257 1359.125244140625 13
1706867029327 1608.27099609375 14
1706867029396 1130.9166259765625 15
1706867029464 1225.722900390625 16
1706867029534 1735.3197021484375 17
1706867029604 1561.0262451171875 18
1706867029673 917.5386962890625 19
1706867029745 1396.744873046875 20
1706867029817 1565.5531005859375 21
1706867029888 1729.5052490234375 22
1706867029958 1321.88330078125 23
1706867030027 1325.8062744140625 24
1706867030098 1368.31005859375 25
1706867030169 880.5437622070312 26
1706867030238 912.9803466796875 27
1706867030307 876.3605346679688 28
1706867030377 1040.9521484375 29
1706867030448 1206.640625 30
1706867030578 333.70233154296875 31
1706867031904 1725.2080078125 0
1706867031975 1182.06298828125 2
1706867032044 905.44189453125 4
1706867032115 804.6776123046875 6
1706867032184 689.873046875 8
1706867032254 982.48388671875 10
1706867032323 979.2190551757812 12
1706867032390 853.22314453125 14
1706867032459 767.4793701171875 16
1706867032528 1103.0032958984375 18
1706867032597 880.6617431640625 20
1706867032666 1014.5781860351562 22
1706867032734 986.2877197265625 24
1706867032803 1240.2333984375 26
1706867032872 838.1199951171875 28
1706867032940 535.004150390625 30
1706867033009 1176.6375732421875 32
1706867033077 907.6726684570312 34
1706867033145 821.061279296875 36
1706867033213 914.187255859375 38
1706867033284 891.251220703125 40
1706867033353 839.2763061523438 42
1706867033420 991.50537109375 44
1706867033509 842.8792724609375 46
1706867033578 805.6619873046875 48
1706867033647 889.6580810546875 50
1706867033715 1384.3126220703125 52
1706867033784 529.372314453125 54
1706867033852 628.2261962890625 56
1706867033922 989.314697265625 58
1706867033991 676.2257080078125 60
1706867034095 214.47781372070312 62
1706867035527 708.4530639648438 0
1706867035617 628.5609741210938 3
1706867035688 597.5762939453125 6
1706867035758 696.7403564453125 9
1706867035828 485.393798828125 12
1706867035897 833.75048828125 15
1706867035967 877.777099609375 18
1706867036037 515.6210327148438 21
1706867036108 641.9273681640625 24
1706867036178 659.4507446289062 27
1706867036250 421.5858459472656 30
1706867036321 483.79376220703125 33
1706867036394 723.7315673828125 36
1706867036464 756.5228271484375 39
1706867036533 821.4177856445312 42
1706867036602 1127.351318359375 45
1706867036672 687.1593627929688 48
1706867036742 711.3966674804688 51
1706867036812 510.25860595703125 54
1706867036882 820.0966796875 57
1706867036954 602.15966796875 60
1706867037025 584.1719360351562 63
1706867037096 762.0823364257812 66
1706867037167 594.7401123046875 69
1706867037238 665.30712890625 72
1706867037308 734.4037475585938 75
1706867037377 662.1080932617188 78
1706867037450 701.9683837890625 81
1706867037534 520.52001953125 84
1706867037606 477.8069763183594 87
1706867037676 588.1842651367188 90
1706867037723 759.9715576171875 93
1706867039160 603.1834716796875 0
1706867039231 607.5548095703125 4
1706867039303 734.6241455078125 8
1706867039372 615.836181640625 12
1706867039442 704.9719848632812 16
1706867039512 520.7162475585938 20
1706867039582 619.8439331054688 24
1706867039651 592.0797119140625 28
1706867039723 681.0081176757812 32
1706867039793 616.0564575195312 36
1706867039865 572.3699951171875 40
1706867039934 396.0594482421875 44
1706867040005 548.537353515625 48
1706867040076 512.1666870117188 52
1706867040148 663.398193359375 56
1706867040225 1020.1280517578125 60
1706867040319 292.84649658203125 64
1706867040391 396.14154052734375 68
1706867040463 610.8133544921875 72
1706867040534 740.99169921875 76
1706867040604 459.4260559082031 80
1706867040674 547.884521484375 84
1706867040743 384.80255126953125 88
1706867040814 244.39341735839844 92
1706867040887 593.88330078125 96
1706867040957 661.003662109375 100
1706867041027 550.462646484375 104
1706867041101 665.77587890625 108
1706867041190 522.2701416015625 112
1706867041287 678.029296875 116
1706867041359 540.701904296875 120
1706867041407 280.6353454589844 124
1706867042784 304.78045654296875 0
1706867042854 458.1417236328125 5
1706867042924 572.2095336914062 10
1706867042994 534.0838623046875 15
1706867043063 491.93359375 20
1706867043132 648.2640380859375 25
1706867043202 315.1752014160156 30
1706867043272 553.6495361328125 35
1706867043342 247.4915771484375 40
1706867043412 619.3150024414062 45
1706867043482 614.4888916015625 50
1706867043555 486.2118225097656 55
1706867043625 293.083984375 60
1706867043696 339.8850402832031 65
1706867043767 577.0487060546875 70
1706867043838 833.7476196289062 75
1706867043909 491.53839111328125 80
1706867043980 803.9669799804688 85
1706867044051 410.73944091796875 90
1706867044121 528.3139038085938 95
1706867044193 421.9258728027344 100
1706867044263 583.17041015625 105
1706867044332 448.1251220703125 110
1706867044402 244.9270477294922 115
1706867044471 359.3423156738281 120
1706867044541 367.0351257324219 125
1706867044610 432.058349609375 130
1706867044680 407.1902160644531 135
1706867044750 413.08392333984375 140
1706867044820 423.1982727050781 145
1706867044888 330.8427734375 150
1706867044935 472.21240234375 155
1706867046339 338.8260192871094 0
1706867046408 206.22264099121094 6
1706867046480 157.4058837890625 12
1706867046549 248.8120880126953 18
1706867046620 339.40704345703125 24
1706867046692 218.5942840576172 30
1706867046763 255.983154296875 36
1706867046834 253.30419921875 42
1706867046906 350.04266357421875 48
1706867046975 248.47348022460938 54
1706867047046 416.600341796875 60
1706867047117 466.3128662109375 66
1706867047190 392.7677001953125 72
1706867047284 247.9892120361328 78
1706867047353 234.20559692382812 84
1706867047422 326.8897399902344 90
1706867047492 322.7839660644531 96
1706867047561 297.59197998046875 102
1706867047632 415.971435546875 108
1706867047702 369.5631408691406 114
1706867047773 208.74075317382812 120
1706867047844 438.5494384765625 126
1706867047913 271.8265380859375 132
1706867047983 462.1576232910156 138
1706867048052 523.6463012695312 144
1706867048122 197.28646850585938 150
1706867048193 146.48338317871094 156
1706867048263 445.1683654785156 162
1706867048333 364.97509765625 168
1706867048403 357.9046936035156 174
1706867048499 314.05987548828125 180
1706867048546 951.9743041992188 186
1706867050067 177.18809509277344 0
1706867050167 281.8655090332031 7
1706867050245 317.04742431640625 14
1706867050320 140.74798583984375 21
1706867050393 251.49696350097656 28
1706867050467 227.73910522460938 35
1706867050541 412.14935302734375 42
1706867050612 307.61126708984375 49
1706867050682 187.40541076660156 56
1706867050758 341.00201416015625 63
1706867050829 390.023193359375 70
1706867050901 357.23870849609375 77
1706867050970 151.29818725585938 84
1706867051040 429.090087890625 91
1706867051111 453.25604248046875 98
1706867051183 404.60467529296875 105
1706867051255 269.42950439453125 112
1706867051326 284.8482666015625 119
1706867051396 200.4689178466797 126
1706867051469 330.11358642578125 133
1706867051562 224.53533935546875 140
1706867051632 204.9174346923828 147
1706867051704 249.8570556640625 154
1706867051775 199.18014526367188 161
1706867051845 324.9541931152344 168
1706867051916 177.42147827148438 175
1706867051986 161.22296142578125 182
1706867052058 156.79139709472656 189
1706867052129 229.53585815429688 196
1706867052201 304.5911865234375 203
1706867052270 303.8943176269531 210
1706867052316 228.66900634765625 217
1706867053709 178.8123779296875 0
1706867053780 199.552978515625 8
1706867053850 108.10594940185547 16
1706867053921 266.97772216796875 24
1706867053991 169.60427856445312 32
1706867054061 227.18130493164062 40
1706867054130 149.44674682617188 48
1706867054200 154.47152709960938 56
1706867054270 183.85887145996094 64
1706867054339 110.85725402832031 72
1706867054409 223.3339385986328 80
1706867054479 158.50466918945312 88
1706867054551 140.51126098632812 96
1706867054620 254.46487426757812 104
1706867054691 294.02117919921875 112
1706867054760 268.9400939941406 120
1706867054830 441.226318359375 128
1706867054905 140.99444580078125 136
1706867054976 203.5276641845703 144
1706867055048 151.0303497314453 152
1706867055117 166.1046600341797 160
1706867055187 366.6981506347656 168
1706867055257 262.7355651855469 176
1706867055327 279.64599609375 184
1706867055397 249.02926635742188 192
1706867055466 301.26275634765625 200
1706867055538 290.186767578125 208
1706867055607 226.880615234375 216
1706867055677 227.52366638183594 224
1706867055748 251.240478515625 232
1706867055817 66.58558654785156 240
1706867055864 454.4932861328125 248
1706867057201 175.20516967773438 0
1706867057272 95.81295776367188 9
1706867057341 122.95458984375 18
1706867057411 105.71321868896484 27
1706867057482 130.83306884765625 36
1706867057553 357.8468017578125 45
1706867057623 234.7498779296875 54
1706867057695 277.0545654296875 63
1706867057766 158.0294189453125 72
1706867057837 240.938720703125 81
1706867057906 111.59119415283203 90
1706867057975 323.86187744140625 99
1706867058047 266.6177978515625 108
1706867058117 347.2783508300781 117
1706867058187 275.1584167480469 126
1706867058256 293.66412353515625 135
1706867058327 156.68527221679688 144
1706867058396 261.9433288574219 153
1706867058466 228.31747436523438 162
1706867058539 278.3111267089844 171
1706867058610 156.91688537597656 180
1706867058681 197.72003173828125 189
1706867058750 292.65948486328125 198
1706867058820 253.74900817871094 207
1706867058891 219.6556396484375 216
1706867058960 76.19517517089844 225
1706867059031 102.34489440917969 234
1706867059100 242.25045776367188 243
1706867059173 360.28082275390625 252
1706867059245 171.7510986328125 261
1706867059314 115.27474975585938 270
1706867059360 632.62060546875 279
1706867060698 171.91275024414062 0
1706867060769 147.26492309570312 10
1706867060838 162.58212280273438 20
1706867060910 296.1807556152344 30
1706867060983 232.5435028076172 40
1706867061054 245.599609375 50
1706867061126 171.75125122070312 60
1706867061195 131.496826171875 70
1706867061266 88.756103515625 80
1706867061335 111.96521759033203 90
1706867061405 137.3433837890625 100
1706867061478 246.9973907470703 110
1706867061550 315.08721923828125 120
1706867061620 117.52462005615234 130
1706867061691 181.3954620361328 140
1706867061762 200.0215606689453 150
1706867061832 155.6992645263672 160
1706867061902 285.6880798339844 170
1706867061971 151.3878173828125 180
1706867062042 219.24148559570312 190
1706867062113 170.34811401367188 200
1706867062182 176.0423583984375 210
1706867062254 193.82144165039062 220
1706867062327 141.08807373046875 230
1706867062404 163.92127990722656 240
1706867062475 128.3918914794922 250
1706867062544 97.31378173828125 260
1706867062614 211.415771484375 270
1706867062684 210.24642944335938 280
1706867062755 503.83819580078125 290
1706867062823 229.46546936035156 300
1706867062870 185.93344116210938 310
1706867064217 139.3214569091797 0
1706867064289 172.75564575195312 11
1706867064359 276.43560791015625 22
1706867064441 255.82147216796875 33
1706867064548 159.6025390625 44
1706867064618 177.85488891601562 55
1706867064689 354.9765319824219 66
1706867064764 155.28787231445312 77
1706867064836 165.76138305664062 88
1706867064905 210.58547973632812 99
1706867064997 237.85398864746094 110
1706867065067 107.36024475097656 121
1706867065138 242.62380981445312 132
1706867065208 197.83160400390625 143
1706867065278 130.11947631835938 154
1706867065347 203.22344970703125 165
1706867065417 280.4371643066406 176
1706867065486 175.63400268554688 187
1706867065557 229.35406494140625 198
1706867065629 102.90533447265625 209
1706867065699 234.04214477539062 220
1706867065769 98.77777099609375 231
1706867065838 165.4242706298828 242
1706867065909 157.0144500732422 253
1706867065978 260.3963623046875 264
1706867066048 262.0048828125 275
1706867066117 222.39794921875 286
1706867066187 178.1748504638672 297
1706867066258 113.61155700683594 308
1706867066328 191.2359619140625 319
1706867066399 166.23655700683594 330
1706867066445 481.31591796875 341
1706867067752 240.8975830078125 0
1706867067821 252.33529663085938 12
1706867067890 132.47947692871094 24
1706867067960 162.56455993652344 36
1706867068029 188.67494201660156 48
1706867068098 162.70179748535156 60
1706867068168 85.16484832763672 72
1706867068237 102.49923706054688 84
1706867068308 129.91998291015625 96
1706867068377 153.58303833007812 108
1706867068447 172.05093383789062 120
1706867068516 114.80718994140625 132
1706867068586 152.00636291503906 144
1706867068656 88.13423156738281 156
1706867068726 113.23834991455078 168
1706867068795 217.98342895507812 180
1706867068865 92.73023986816406 192
1706867068935 103.69806671142578 204
1706867069006 159.58892822265625 216
1706867069075 120.51262664794922 228
1706867069145 104.62611389160156 240
1706867069214 128.9536895751953 252
1706867069284 197.05043029785156 264
1706867069353 123.30485534667969 276
1706867069423 132.2397918701172 288
1706867069494 144.228515625 300
1706867069567 198.8719482421875 312
1706867069637 167.20339965820312 324
1706867069709 242.9930877685547 336
1706867069779 74.76165771484375 348
1706867069850 111.39891052246094 360
1706867069896 373.5947265625 372
1706867071265 105.56657409667969 0
1706867071336 185.32241821289062 13
1706867071407 236.35650634765625 26
1706867071477 161.3416748046875 39
1706867071548 164.60580444335938 52
1706867071620 125.24983215332031 65
1706867071693 102.03968811035156 78
1706867071764 138.67559814453125 91
1706867071837 111.06985473632812 104
1706867071922 155.36279296875 117
1706867071993 178.86038208007812 130
1706867072064 171.54995727539062 143
1706867072135 109.47103881835938 156
1706867072204 250.18417358398438 169
1706867072276 109.45821380615234 182
1706867072346 80.22209167480469 195
1706867072440 161.0006866455078 208
1706867072508 71.1943130493164 221
1706867072579 273.3367004394531 234
1706867072682 118.49246215820312 247
1706867072753 178.13385009765625 260
1706867072823 136.0652313232422 273
1706867072892 218.00173950195312 286
1706867072963 127.15237426757812 299
1706867073034 195.94544982910156 312
1706867073102 48.96992492675781 325
1706867073172 97.70289611816406 338
1706867073243 317.50579833984375 351
1706867073313 56.05411148071289 364
1706867073384 202.91854858398438 377
1706867073457 81.76311492919922 390
1706867073504 75.98335266113281 403
1706867074868 111.57339477539062 0
1706867074937 94.19010162353516 14
1706867075008 173.17738342285156 28
1706867075079 112.54750061035156 42
1706867075150 63.16453552246094 56
1706867075220 120.04591369628906 70
1706867075290 97.51753234863281 84
1706867075364 69.4228744506836 98
1706867075435 106.9505386352539 112
1706867075504 190.87425231933594 126
1706867075575 117.38719177246094 140
1706867075645 241.4148406982422 154
1706867075714 89.11663818359375 168
1706867075783 137.91201782226562 182
1706867075852 150.39178466796875 196
1706867075922 69.69361877441406 210
1706867075992 463.5341491699219 224
1706867076061 140.4940643310547 238
1706867076132 148.69515991210938 252
1706867076200 136.71737670898438 266
1706867076269 82.42843627929688 280
1706867076340 260.80584716796875 294
1706867076410 153.09274291992188 308
1706867076481 198.54689025878906 322
1706867076551 146.61099243164062 336
1706867076622 108.69824981689453 350
1706867076693 106.64308166503906 364
1706867076761 142.123291015625 378
1706867076830 56.85907745361328 392
1706867076899 113.91552734375 406
1706867076969 125.73979187011719 420
1706867077015 195.37176513671875 434
1706867078421 180.9828643798828 0
1706867078490 89.52550506591797 15
1706867078559 94.58173370361328 30
1706867078628 105.05990600585938 45
1706867078699 115.99664306640625 60
1706867078769 76.01434326171875 75
1706867078838 62.882545471191406 90
1706867078908 83.09521484375 105
1706867078977 194.00430297851562 120
1706867079048 103.14571380615234 135
1706867079119 130.28216552734375 150
1706867079189 225.40252685546875 165
1706867079259 182.24136352539062 180
1706867079329 131.4816131591797 195
1706867079397 82.77192687988281 210
1706867079472 64.93711853027344 225
1706867079541 153.52731323242188 240
1706867079612 108.31454467773438 255
1706867079683 79.23970031738281 270
1706867079751 208.7568359375 285
1706867079820 153.21917724609375 300
1706867079888 58.98497009277344 315
1706867079958 189.903076171875 330
1706867080027 46.462371826171875 345
1706867080099 110.75334930419922 360
1706867080171 81.8370361328125 375
1706867080242 87.49085998535156 390
1706867080311 76.88188171386719 405
1706867080382 73.99151611328125 420
1706867080450 65.02828216552734 435
1706867080521 68.59025573730469 450
1706867080567 599.716064453125 465
1706867082011 118.79495239257812 0
1706867082081 104.0267562866211 16
1706867082151 135.3892822265625 32
1706867082224 54.756988525390625 48
1706867082294 116.46614074707031 64
1706867082365 168.35182189941406 80
1706867082434 195.31924438476562 96
1706867082504 53.39707565307617 112
1706867082575 93.86237335205078 128
1706867082645 94.66726684570312 144
1706867082716 167.27784729003906 160
1706867082786 193.6648406982422 176
1706867082855 108.69929504394531 192
1706867082926 48.05255126953125 208
1706867082997 52.00679016113281 224
1706867083073 60.608131408691406 240
1706867083145 65.81343078613281 256
1706867083218 67.38228607177734 272
1706867083288 194.6984405517578 288
1706867083359 145.1870574951172 304
1706867083428 115.09608459472656 320
1706867083503 170.03179931640625 336
1706867083573 125.35562133789062 352
1706867083644 44.163116455078125 368
1706867083715 43.176116943359375 384
1706867083787 110.37782287597656 400
1706867083857 62.82118606567383 416
1706867083987 213.70823669433594 432
1706867084056 68.07810974121094 448
1706867084127 76.6270980834961 464
1706867084198 226.81455993652344 480
1706867084244 76.31963348388672 496
1706867085605 64.81968688964844 0
1706867085677 75.20240783691406 17
1706867085747 63.13849639892578 34
1706867085817 62.45721435546875 51
1706867085886 46.38587951660156 68
1706867085955 84.32901000976562 85
1706867086024 109.05784606933594 102
1706867086094 131.35751342773438 119
1706867086164 169.15530395507812 136
1706867086234 118.85934448242188 153
1706867086303 129.91796875 170
1706867086373 94.39038848876953 187
1706867086445 157.21571350097656 204
1706867086515 149.28070068359375 221
1706867086586 110.69060516357422 238
1706867086657 164.48329162597656 255
1706867086728 75.49330139160156 272
1706867086797 144.041259765625 289
1706867086868 145.54788208007812 306
1706867086938 110.08480072021484 323
1706867087010 102.54481506347656 340
1706867087078 68.0772705078125 357
1706867087149 102.0554428100586 374
1706867087221 71.7247314453125 391
1706867087317 122.77766418457031 408
1706867087387 154.6205291748047 425
1706867087457 69.62330627441406 442
1706867087526 285.978271484375 459
1706867087597 117.6937026977539 476
1706867087668 40.46250915527344 493
1706867087737 64.35882568359375 510
1706867087783 305.75860595703125 527
1706867089106 73.6153793334961 0
1706867089175 126.58051300048828 18
1706867089246 96.70649719238281 36
1706867089316 74.64997863769531 54
1706867089385 127.15242004394531 72
1706867089455 78.21824645996094 90
1706867089525 90.00515747070312 108
1706867089596 84.27125549316406 126
1706867089668 103.47491455078125 144
1706867089737 58.40376281738281 162
1706867089807 50.58561706542969 180
1706867089877 78.05416870117188 198
1706867089947 74.54456329345703 216
1706867090017 56.26260757446289 234
1706867090087 104.50582122802734 252
1706867090156 177.21514892578125 270
1706867090226 208.53631591796875 288
1706867090296 148.34918212890625 306
1706867090366 96.87632751464844 324
1706867090435 125.02516174316406 342
1706867090505 67.88468170166016 360
1706867090576 39.76439666748047 378
1706867090644 170.6524658203125 396
1706867090713 99.68186950683594 414
1706867090784 141.24368286132812 432
1706867090857 72.61836242675781 450
1706867090928 148.8212890625 468
1706867090997 59.06358337402344 486
1706867091067 87.23601531982422 504
1706867091138 128.48263549804688 522
1706867091230 119.88569641113281 540
1706867091277 54.084251403808594 558
1706867092642 67.89588928222656 0
1706867092714 83.52012634277344 19
1706867092786 43.53645706176758 38
1706867092856 75.7390365600586 57
1706867092928 100.77511596679688 76
1706867092998 123.3062515258789 95
1706867093069 56.06600570678711 114
1706867093140 102.18733215332031 133
1706867093211 114.15543365478516 152
1706867093281 111.57901000976562 171
1706867093351 106.0389175415039 190
1706867093422 36.30442428588867 209
1706867093494 65.04777526855469 228
1706867093567 69.65685272216797 247
1706867093640 91.29548645019531 266
1706867093713 69.21566772460938 285
1706867093786 104.04566955566406 304
1706867093856 24.69573211669922 323
1706867093954 91.25679016113281 342
1706867094023 185.18287658691406 361
1706867094092 95.54856872558594 380
1706867094162 92.2432632446289 399
1706867094232 94.37142944335938 418
1706867094301 94.83910369873047 437
1706867094370 42.189605712890625 456
1706867094439 65.98281860351562 475
1706867094508 63.31159210205078 494
1706867094579 33.80876159667969 513
1706867094648 53.679656982421875 532
1706867094718 77.9721450805664 551
1706867094787 86.09916687011719 570
1706867094831 49.52620315551758 589
1706867096159 31.294797897338867 0
1706867096228 73.07048797607422 20
1706867096297 75.17781066894531 40
1706867096366 48.949241638183594 60
1706867096436 113.85935974121094 80
1706867096504 92.6622085571289 100
1706867096574 52.595375061035156 120
1706867096649 111.58414459228516 140
1706867096721 63.4995002746582 160
1706867096790 88.51571655273438 180
1706867096860 106.95335388183594 200
1706867096929 103.30181121826172 220
1706867096997 108.41366577148438 240
1706867097066 66.86128234863281 260
1706867097135 28.91885757446289 280
1706867097205 57.795204162597656 300
1706867097274 122.69544982910156 320
1706867097341 74.32269287109375 340
1706867097411 62.28834915161133 360
1706867097479 55.757022857666016 380
1706867097551 92.90618896484375 400
1706867097619 48.532615661621094 420
1706867097689 93.54338836669922 440
1706867097757 45.678672790527344 460
1706867097826 77.79178619384766 480
1706867097895 71.14582824707031 500
1706867097963 75.57666015625 520
1706867098032 78.66634368896484 540
1706867098100 56.269344329833984 560
1706867098169 82.19713592529297 580
1706867098238 24.896764755249023 600
1706867098283 70.8055419921875 620
1706867099612 46.55573654174805 0
1706867099679 59.06599426269531 21
1706867099748 31.78221893310547 42
1706867099816 93.58154296875 63
1706867099884 148.361572265625 84
1706867099953 43.374847412109375 105
1706867100021 220.97946166992188 126
1706867100089 115.93160247802734 147
1706867100159 125.41883087158203 168
1706867100227 57.581241607666016 189
1706867100297 87.45235443115234 210
1706867100365 112.88237762451172 231
1706867100434 174.23880004882812 252
1706867100502 53.392822265625 273
1706867100571 38.44496536254883 294
1706867100639 90.59442138671875 315
1706867100708 71.4698715209961 336
1706867100776 99.73896789550781 357
1706867100845 75.80792999267578 378
1706867100914 84.33863830566406 399
1706867100983 42.90623474121094 420
1706867101051 99.21138000488281 441
1706867101121 96.16397094726562 462
1706867101193 119.96253967285156 483
1706867101265 113.45349884033203 504
1706867101334 224.2186279296875 525
1706867101403 60.397186279296875 546
1706867101472 49.12739562988281 567
1706867101540 41.48139953613281 588
1706867101608 57.28281021118164 609
1706867101676 50.986114501953125 630
1706867101720 66.14096069335938 651
1706867103081 41.56659698486328 0
1706867103149 24.833187103271484 22
1706867103218 87.13847351074219 44
1706867103287 105.03022766113281 66
1706867103357 69.56491088867188 88
1706867103425 81.71629333496094 110
1706867103495 64.60157775878906 132
1706867103564 247.4001922607422 154
1706867103633 47.621070861816406 176
1706867103702 30.934661865234375 198
1706867103771 96.35337829589844 220
1706867103839 131.96554565429688 242
1706867103908 84.48043823242188 264
1706867103978 129.15699768066406 286
1706867104047 83.37132263183594 308
1706867104117 111.85589599609375 330
1706867104184 97.10728454589844 352
1706867104253 118.13864135742188 374
1706867104322 73.4794921875 396
1706867104390 47.00823211669922 418
1706867104460 50.21916198730469 440
1706867104528 77.81707763671875 462
1706867104596 40.5989990234375 484
1706867104665 143.37188720703125 506
1706867104732 118.67787170410156 528
1706867104801 26.021602630615234 550
1706867104868 28.486099243164062 572
1706867104935 75.1199951171875 594
1706867105003 36.40959930419922 616
1706867105074 81.198974609375 638
1706867105144 147.72900390625 660
1706867105188 23.610017776489258 682
1706867106499 102.79022216796875 0
1706867106567 23.302608489990234 23
1706867106636 65.52462768554688 46
1706867106704 114.64268493652344 69
1706867106772 40.611637115478516 92
1706867106840 39.751197814941406 115
1706867106908 30.843204498291016 138
1706867106976 30.987096786499023 161
1706867107044 27.41884422302246 184
1706867107113 38.75052261352539 207
1706867107182 85.46952819824219 230
1706867107253 104.42540740966797 253
1706867107321 23.4951229095459 276
1706867107390 140.8565673828125 299
1706867107458 63.1995735168457 322
1706867107527 55.92601776123047 345
1706867107596 80.76904296875 368
1706867107664 54.97282791137695 391
1706867107731 25.6439151763916 414
1706867107799 159.64691162109375 437
1706867107867 52.3725471496582 460
1706867107934 46.38334655761719 483
1706867108002 63.58266067504883 506
1706867108069 101.64425659179688 529
1706867108137 100.22637939453125 552
1706867108204 103.99752807617188 575
1706867108272 67.92023468017578 598
1706867108341 64.42636108398438 621
1706867108411 46.530372619628906 644
1706867108479 80.21963500976562 667
1706867108546 85.3214111328125 690
1706867108590 86.44694519042969 713
1706867109938 123.37911987304688 0
1706867110007 63.41917419433594 24
1706867110078 51.17022705078125 48
1706867110147 115.94747924804688 72
1706867110217 35.728370666503906 96
1706867110286 222.78445434570312 120
1706867110354 121.1265869140625 144
1706867110423 32.52280807495117 168
1706867110493 53.38727569580078 192
1706867110563 46.1412353515625 216
1706867110633 107.6639633178711 240
1706867110702 33.56135177612305 264
1706867110769 56.35492706298828 288
1706867110837 30.111385345458984 312
1706867110905 51.14875030517578 336
1706867110974 75.32167053222656 360
1706867111042 123.57888793945312 384
1706867111110 51.791259765625 408
1706867111177 46.00179672241211 432
1706867111245 42.32019805908203 456
1706867111314 41.76322555541992 480
1706867111384 79.58479309082031 504
1706867111452 114.10897827148438 528
1706867111522 53.843788146972656 552
1706867111590 95.65180969238281 576
1706867111658 99.5614013671875 600
1706867111726 144.93280029296875 624
1706867111794 34.07480239868164 648
1706867111864 83.33431243896484 672
1706867111936 74.8775863647461 696
1706867112005 54.194393157958984 720
1706867112049 116.81889343261719 744
1706867113372 62.980796813964844 0
1706867113440 58.90827941894531 25
1706867113509 37.273231506347656 50
1706867113577 109.05854797363281 75
1706867113646 105.7744140625 100
1706867113714 43.58391189575195 125
1706867113782 91.54562377929688 150
1706867113852 48.097896575927734 175
1706867113921 65.58027648925781 200
1706867113989 62.36737060546875 225
1706867114058 81.8875732421875 250
1706867114126 95.21744537353516 275
1706867114195 57.86600875854492 300
1706867114263 29.076608657836914 325
1706867114331 104.48384094238281 350
1706867114399 70.27568054199219 375
1706867114469 171.8599853515625 400
1706867114537 112.81385040283203 425
1706867114605 61.225826263427734 450
1706867114672 91.79263305664062 475
1706867114741 70.05709838867188 500
1706867114809 45.54701232910156 525
1706867114876 52.53444290161133 550
1706867114944 51.51057815551758 575
1706867115014 110.91423797607422 600
1706867115082 64.0866470336914 625
1706867115152 58.057979583740234 650
1706867115220 69.34774780273438 675
1706867115290 61.72601318359375 700
1706867115359 38.0731201171875 725
1706867115427 104.56121826171875 750
1706867115472 287.000732421875 775
1706867116840 51.68701171875 0
1706867116910 92.9495849609375 26
1706867116978 44.56949234008789 52
1706867117046 226.81967163085938 78
1706867117115 68.96664428710938 104
1706867117184 52.28431701660156 130
1706867117254 46.480751037597656 156
1706867117324 104.00403594970703 182
1706867117393 62.8189811706543 208
1706867117463 101.95024871826172 234
1706867117559 93.77897644042969 260
1706867117627 75.43295288085938 286
1706867117696 100.58111572265625 312
1706867117766 48.691001892089844 338
1706867117836 79.20942687988281 364
1706867117906 90.61236572265625 390
1706867117974 60.61271286010742 416
1706867118043 104.47102355957031 442
1706867118110 30.295148849487305 468
1706867118178 49.64472961425781 494
1706867118246 22.793729782104492 520
1706867118314 54.78116226196289 546
1706867118386 63.18815231323242 572
1706867118456 48.551429748535156 598
1706867118523 123.12954711914062 624
1706867118592 62.07316207885742 650
1706867118660 35.76498794555664 676
1706867118729 41.30198669433594 702
1706867118796 36.53285217285156 728
1706867118866 32.16746139526367 754
1706867118934 47.512001037597656 780
1706867118978 41.61151123046875 806
1706867120342 29.54413414001465 0
1706867120413 61.90167999267578 27
1706867120483 72.59342956542969 54
1706867120553 23.852142333984375 81
1706867120625 78.49085998535156 108
1706867120694 14.10211181640625 135
1706867120764 74.73092651367188 162
1706867120832 50.478248596191406 189
1706867120902 100.46067810058594 216
1706867120970 42.10863494873047 243
1706867121039 74.23265838623047 270
1706867121107 17.05431365966797 297
1706867121176 105.12545776367188 324
1706867121245 77.58184814453125 351
1706867121314 53.40924835205078 378
1706867121382 38.504486083984375 405
1706867121451 61.44465637207031 432
1706867121520 65.74932861328125 459
1706867121588 53.571163177490234 486
1706867121655 21.23419761657715 513
1706867121726 72.4662094116211 540
1706867121794 35.34613037109375 567
1706867121863 102.14334106445312 594
1706867121933 34.30608367919922 621
1706867122003 65.25289916992188 648
1706867122072 189.30609130859375 675
1706867122141 27.689165115356445 702
1706867122212 55.44752502441406 729
1706867122281 41.230037689208984 756
1706867122351 62.76219177246094 783
1706867122422 40.548988342285156 810
1706867122466 175.3377685546875 837
1706867123771 39.4342041015625 0
1706867123840 61.394859313964844 28
1706867123909 77.90351867675781 56
1706867123979 34.561614990234375 84
1706867124047 44.78749084472656 112
1706867124118 65.15705108642578 140
1706867124186 69.89603424072266 168
1706867124254 66.55667877197266 196
1706867124322 43.201873779296875 224
1706867124393 37.98855972290039 252
1706867124462 73.24390411376953 280
1706867124532 105.44090270996094 308
1706867124601 111.17262268066406 336
1706867124672 50.6390380859375 364
1706867124741 83.71835327148438 392
1706867124809 41.09342575073242 420
1706867124877 118.19879913330078 448
1706867124947 29.795337677001953 476
1706867125015 71.37254333496094 504
1706867125083 48.53767395019531 532
1706867125152 55.25692367553711 560
1706867125220 78.496337890625 588
1706867125288 19.863971710205078 616
1706867125356 75.41322326660156 644
1706867125424 31.56734848022461 672
1706867125492 31.06827163696289 700
1706867125562 60.44798278808594 728
1706867125630 45.031803131103516 756
1706867125698 36.41061782836914 784
1706867125767 30.80443572998047 812
1706867125834 52.637351989746094 840
1706867125877 86.4128646850586 868
1706867127192 90.48440551757812 0
1706867127263 89.73358154296875 29
1706867127331 52.200958251953125 58
1706867127400 45.17729187011719 87
1706867127468 88.95491027832031 116
1706867127537 130.85874938964844 145
1706867127605 81.52198791503906 174
1706867127673 65.71392059326172 203
1706867127742 90.0281753540039 232
1706867127810 46.618186950683594 261
1706867127880 90.82963562011719 290
1706867127947 56.991172790527344 319
1706867128014 69.67204284667969 348
1706867128083 31.328632354736328 377
1706867128152 73.9969482421875 406
1706867128222 43.49415969848633 435
1706867128294 46.277584075927734 464
1706867128361 41.61487579345703 493
1706867128432 30.117050170898438 522
1706867128502 36.72627258300781 551
1706867128572 37.84912872314453 580
1706867128641 34.07537078857422 609
1706867128710 96.35496520996094 638
1706867128779 73.9607162475586 667
1706867128849 39.005794525146484 696
1706867128917 77.0983657836914 725
1706867128987 117.55026245117188 754
1706867129055 95.62555694580078 783
1706867129123 98.99119567871094 812
1706867129191 23.682418823242188 841
1706867129261 61.305877685546875 870
1706867129307 104.74124145507812 899
1706867130666 48.18006134033203 0
1706867130734 95.60053253173828 30
1706867130803 48.55976104736328 60
1706867130872 63.8950080871582 90
1706867130939 34.39823913574219 120
1706867131009 43.080162048339844 150
1706867131078 20.620346069335938 180
1706867131150 28.751949310302734 210
1706867131220 97.51937866210938 240
1706867131288 66.02569580078125 270
1706867131356 152.27682495117188 300
1706867131424 16.98716926574707 330
1706867131493 27.978988647460938 360
1706867131564 75.31222534179688 390
1706867131632 137.98233032226562 420
1706867131701 23.612794876098633 450
1706867131771 42.042320251464844 480
1706867131838 58.93104934692383 510
1706867131906 34.358970642089844 540
1706867131974 54.18467712402344 570
1706867132042 57.26903533935547 600
1706867132112 17.126712799072266 630
1706867132182 44.87462615966797 660
1706867132250 17.303787231445312 690
1706867132319 79.92324829101562 720
1706867132387 123.1100845336914 750
1706867132458 39.56597137451172 780
1706867132527 37.17121124267578 810
1706867132599 36.708797454833984 840
1706867132667 66.84745788574219 870
1706867132736 139.4578857421875 900
1706867132783 535.731689453125 930
