1706865777647 30.110837936401367 0
1706865777736 31.024173736572266 1
1706865777822 29.328596115112305 2
1706865777906 33.70561599731445 3
1706865777978 35.63859176635742 4
1706865778054 36.76455307006836 5
1706865778128 32.9312858581543 6
1706865778196 37.529083251953125 7
1706865778264 32.6913948059082 8
1706865778331 29.26416778564453 9
1706865778400 22.727840423583984 10
1706865778468 23.7088623046875 11
1706865778536 26.982772827148438 12
1706865778605 27.241561889648438 13
1706865778671 28.08576774597168 14
1706865778739 25.182315826416016 15
1706865778808 32.06825256347656 16
1706865778877 31.55328941345215 17
1706865778945 22.027368545532227 18
1706865779013 22.153488159179688 19
1706865779081 25.297115325927734 20
1706865779149 21.00333595275879 21
1706865779216 30.362560272216797 22
1706865779283 27.9925479888916 23
1706865779351 21.304367065429688 24
1706865779419 24.84857749938965 25
1706865779488 20.218250274658203 26
1706865779557 24.38739013671875 27
1706865779624 29.711246490478516 28
1706865779691 24.423938751220703 29
1706865779760 25.111068725585938 30
1706865779890 9.830095291137695 31
