1706865777629 30.110837936401367 0
1706865777726 31.024173736572266 1
1706865777813 29.328596115112305 2
1706865777898 33.70561599731445 3
1706865777970 35.63859176635742 4
1706865778046 36.76455307006836 5
1706865778119 32.9312858581543 6
1706865778188 37.529083251953125 7
1706865778256 32.6913948059082 8
1706865778323 29.26416778564453 9
1706865778391 22.727840423583984 10
1706865778460 23.7088623046875 11
1706865778528 26.982772827148438 12
1706865778597 27.241561889648438 13
1706865778663 28.08576774597168 14
1706865778731 25.182315826416016 15
1706865778800 32.06825256347656 16
1706865778869 31.55328941345215 17
1706865778937 22.027368545532227 18
1706865779005 22.153488159179688 19
1706865779073 25.297115325927734 20
1706865779140 21.00333595275879 21
1706865779208 30.362560272216797 22
1706865779275 27.9925479888916 23
1706865779343 21.304367065429688 24
1706865779411 24.84857749938965 25
1706865779480 20.218250274658203 26
1706865779549 24.38739013671875 27
1706865779616 29.711246490478516 28
1706865779683 24.423938751220703 29
1706865779752 25.111068725585938 30
1706865779882 9.830095291137695 31
