1706865777650 1479.66796875 0
1706865777739 1651.838134765625 1
1706865777825 1406.7578125 2
1706865777909 1774.2056884765625 3
1706865777982 1971.171142578125 4
1706865778057 2058.02392578125 5
1706865778130 1602.5574951171875 6
1706865778198 2009.402099609375 7
1706865778267 1642.047607421875 8
1706865778334 1410.75146484375 9
1706865778403 1098.5313720703125 10
1706865778471 1070.6728515625 11
1706865778540 1285.588134765625 12
1706865778608 1458.0108642578125 13
1706865778674 1334.9173583984375 14
1706865778742 1134.8651123046875 15
1706865778811 1654.770751953125 16
1706865778880 1716.085205078125 17
1706865778948 1012.9033203125 18
1706865779016 875.2898559570312 19
1706865779084 1165.6798095703125 20
1706865779152 867.0474243164062 21
1706865779219 1456.3297119140625 22
1706865779286 1264.488525390625 23
1706865779354 895.2403564453125 24
1706865779423 1230.371337890625 25
1706865779490 768.176025390625 26
1706865779560 1307.1082763671875 27
1706865779627 1249.2138671875 28
1706865779694 1131.52490234375 29
1706865779763 1031.9090576171875 30
1706865779893 192.7231903076172 31
