1706867198024 26.38283920288086 0
1706867198111 21.413345336914062 1
1706867198195 23.277828216552734 2
1706867198269 30.300933837890625 3
1706867198346 25.542522430419922 4
1706867198418 27.790380477905273 5
1706867198489 25.679738998413086 6
1706867198560 30.028602600097656 7
1706867198629 30.439903259277344 8
1706867198698 25.477142333984375 9
1706867198769 33.00066375732422 10
1706867198838 25.609180450439453 11
1706867198908 28.426359176635742 12
1706867198978 30.476802825927734 13
1706867199048 32.22902297973633 14
1706867199118 30.55748176574707 15
1706867199187 33.14141845703125 16
1706867199256 21.53959083557129 17
1706867199325 30.45784568786621 18
1706867199394 29.26470947265625 19
1706867199462 28.328224182128906 20
1706867199532 27.358816146850586 21
1706867199601 28.344526290893555 22
1706867199669 27.871213912963867 23
1706867199740 29.398685455322266 24
1706867199809 28.667945861816406 25
1706867199878 32.45277786254883 26
1706867199948 21.854066848754883 27
1706867200018 30.967472076416016 28
1706867200089 27.82870101928711 29
1706867200160 24.708267211914062 30
1706867200289 31.50127601623535 31
1706867201636 26.026277542114258 0
1706867201706 20.407793045043945 2
1706867201777 24.880769729614258 4
1706867201845 18.647136688232422 6
1706867201914 19.021560668945312 8
1706867201983 24.332550048828125 10
1706867202053 26.512657165527344 12
1706867202121 20.815298080444336 14
1706867202191 20.557174682617188 16
1706867202260 28.1782169342041 18
1706867202328 20.288700103759766 20
1706867202397 17.85415267944336 22
1706867202465 21.00249671936035 24
1706867202535 21.275768280029297 26
1706867202603 25.16022491455078 28
1706867202673 19.339210510253906 30
1706867202742 23.195268630981445 32
1706867202816 29.430986404418945 34
1706867202885 22.535640716552734 36
1706867202957 23.563520431518555 38
1706867203026 23.207637786865234 40
1706867203095 23.81925392150879 42
1706867203165 21.763843536376953 44
1706867203233 17.607236862182617 46
1706867203303 22.28197479248047 48
1706867203372 19.438152313232422 50
1706867203441 22.58770751953125 52
1706867203510 19.785648345947266 54
1706867203580 17.21042251586914 56
1706867203650 21.47543716430664 58
1706867203719 21.973674774169922 60
1706867203765 19.83792495727539 62
1706867205092 19.268970489501953 0
1706867205161 19.755889892578125 3
1706867205233 16.212499618530273 6
1706867205304 20.816513061523438 9
1706867205375 20.31819725036621 12
1706867205444 17.691574096679688 15
1706867205514 19.48666763305664 18
1706867205584 19.862503051757812 21
1706867205653 14.401311874389648 24
1706867205721 19.913406372070312 27
1706867205791 18.068191528320312 30
1706867205860 24.032997131347656 33
1706867205930 18.72806167602539 36
1706867205999 17.550457000732422 39
1706867206070 18.70407485961914 42
1706867206138 16.079919815063477 45
1706867206209 17.573993682861328 48
1706867206280 19.210891723632812 51
1706867206351 10.719976425170898 54
1706867206419 16.068950653076172 57
1706867206489 16.736370086669922 60
1706867206558 16.812110900878906 63
1706867206626 14.392023086547852 66
1706867206696 17.150636672973633 69
1706867206767 15.856554985046387 72
1706867206836 17.149208068847656 75
1706867206905 14.519028663635254 78
1706867206975 15.393285751342773 81
1706867207044 15.683029174804688 84
1706867207115 13.382326126098633 87
1706867207185 14.162118911743164 90
1706867207231 16.915592193603516 93
1706867208529 14.675588607788086 0
1706867208598 11.967565536499023 4
1706867208668 16.486175537109375 8
1706867208737 16.071224212646484 12
1706867208806 16.332611083984375 16
1706867208875 14.987961769104004 20
1706867208943 16.025197982788086 24
1706867209013 10.498661041259766 28
1706867209081 15.721654891967773 32
1706867209153 16.502334594726562 36
1706867209222 16.30769157409668 40
1706867209292 13.01901626586914 44
1706867209359 21.21123504638672 48
1706867209428 15.8485107421875 52
1706867209496 15.85233211517334 56
1706867209566 14.877437591552734 60
1706867209634 16.478214263916016 64
1706867209702 13.794841766357422 68
1706867209779 19.110538482666016 72
1706867209848 16.303672790527344 76
1706867209917 14.348535537719727 80
1706867209988 14.17170524597168 84
1706867210059 16.57042694091797 88
1706867210134 12.622547149658203 92
1706867210204 10.613962173461914 96
1706867210273 16.50981903076172 100
1706867210341 13.539321899414062 104
1706867210411 12.81868839263916 108
1706867210481 16.28988265991211 112
1706867210551 11.189167022705078 116
1706867210622 13.062686920166016 120
1706867210668 9.692468643188477 124
1706867212024 13.067387580871582 0
1706867212095 12.002275466918945 5
1706867212167 13.210882186889648 10
1706867212236 11.776142120361328 15
1706867212308 11.57149887084961 20
1706867212383 12.139561653137207 25
1706867212453 13.976167678833008 30
1706867212529 12.530546188354492 35
1706867212598 13.905433654785156 40
1706867212666 16.397520065307617 45
1706867212735 10.278541564941406 50
1706867212804 17.438657760620117 55
1706867212872 13.242044448852539 60
1706867212942 14.877854347229004 65
1706867213011 13.583913803100586 70
1706867213080 11.443098068237305 75
1706867213149 12.79967975616455 80
1706867213219 10.619522094726562 85
1706867213288 14.912239074707031 90
1706867213358 11.241296768188477 95
1706867213426 10.540325164794922 100
1706867213496 14.379085540771484 105
1706867213565 10.214118957519531 110
1706867213633 9.78982925415039 115
1706867213702 13.446678161621094 120
1706867213771 11.367681503295898 125
1706867213839 15.258781433105469 130
1706867213908 15.061563491821289 135
1706867213978 10.911443710327148 140
1706867214047 12.727965354919434 145
1706867214115 10.934386253356934 150
1706867214160 11.464509010314941 155
1706867215513 12.075897216796875 0
1706867215583 10.310470581054688 6
1706867215651 9.154881477355957 12
1706867215720 10.689943313598633 18
1706867215789 8.619247436523438 24
1706867215859 13.54727554321289 30
1706867215927 10.326139450073242 36
1706867215996 11.35044002532959 42
1706867216066 10.987064361572266 48
1706867216135 10.900290489196777 54
1706867216203 16.860031127929688 60
1706867216272 13.292496681213379 66
1706867216340 12.590093612670898 72
1706867216409 12.229313850402832 78
1706867216479 8.932174682617188 84
1706867216547 14.404457092285156 90
1706867216616 10.796219825744629 96
1706867216685 15.318879127502441 102
1706867216754 12.756668090820312 108
1706867216823 11.388840675354004 114
1706867216892 8.804025650024414 120
1706867216960 13.618765830993652 126
1706867217030 11.179203033447266 132
1706867217098 9.761487007141113 138
1706867217167 11.901062965393066 144
1706867217235 13.508893966674805 150
1706867217305 12.058801651000977 156
1706867217374 11.547819137573242 162
1706867217443 12.567401885986328 168
1706867217512 14.07590103149414 174
1706867217582 9.169474601745605 180
1706867217628 22.71854019165039 186
1706867218912 14.04136848449707 0
1706867218982 11.119523048400879 7
1706867219051 9.580822944641113 14
1706867219121 11.242685317993164 21
1706867219189 14.18911361694336 28
1706867219256 8.457192420959473 35
1706867219326 9.288641929626465 42
1706867219393 13.977621078491211 49
1706867219463 10.304389953613281 56
1706867219533 11.206320762634277 63
1706867219601 15.430204391479492 70
1706867219669 9.083105087280273 77
1706867219739 8.499750137329102 84
1706867219809 10.58735466003418 91
1706867219879 9.922914505004883 98
1706867219949 8.753993034362793 105
1706867220042 8.53152847290039 112
1706867220111 10.288158416748047 119
1706867220183 14.551461219787598 126
1706867220251 12.834217071533203 133
1706867220320 8.991556167602539 140
1706867220388 14.80324935913086 147
1706867220458 12.18571662902832 154
1706867220528 14.466854095458984 161
1706867220596 11.178750991821289 168
1706867220666 14.504779815673828 175
1706867220734 8.35749626159668 182
1706867220804 10.68542194366455 189
1706867220874 12.954604148864746 196
1706867220943 8.80988883972168 203
1706867221013 9.650850296020508 210
1706867221058 17.101150512695312 217
1706867222412 11.383658409118652 0
1706867222482 10.254284858703613 8
1706867222554 7.990103721618652 16
1706867222624 10.656144142150879 24
1706867222694 8.175055503845215 32
1706867222765 8.272771835327148 40
1706867222834 9.43056583404541 48
1706867222906 8.04504108428955 56
1706867222976 9.00975227355957 64
1706867223048 10.369016647338867 72
1706867223119 9.56071949005127 80
1706867223189 11.940847396850586 88
1706867223258 11.68046760559082 96
1706867223327 10.196390151977539 104
1706867223398 11.039724349975586 112
1706867223468 10.253458023071289 120
1706867223538 9.680604934692383 128
1706867223606 9.826451301574707 136
1706867223675 11.428226470947266 144
1706867223743 11.361308097839355 152
1706867223812 10.410097122192383 160
1706867223885 8.89338493347168 168
1706867223960 12.058090209960938 176
1706867224032 12.058921813964844 184
1706867224102 9.925392150878906 192
1706867224172 7.457942008972168 200
1706867224243 16.222774505615234 208
1706867224313 9.204153060913086 216
1706867224383 9.073984146118164 224
1706867224457 11.688863754272461 232
1706867224527 11.323673248291016 240
1706867224573 18.817733764648438 248
1706867225882 10.478392601013184 0
1706867225952 11.746088027954102 9
1706867226024 10.167597770690918 18
1706867226093 9.706497192382812 27
1706867226164 12.7307710647583 36
1706867226235 7.769549369812012 45
1706867226304 10.279239654541016 54
1706867226373 10.359832763671875 63
1706867226444 9.079129219055176 72
1706867226514 12.001998901367188 81
1706867226583 9.046425819396973 90
1706867226653 10.895648956298828 99
1706867226723 11.6347074508667 108
1706867226794 7.737372875213623 117
1706867226864 7.538390159606934 126
1706867226934 10.5977783203125 135
1706867227003 10.041522026062012 144
1706867227074 13.155621528625488 153
1706867227144 9.559226989746094 162
1706867227214 7.484145164489746 171
1706867227284 11.074776649475098 180
1706867227355 10.980711936950684 189
1706867227425 11.20838737487793 198
1706867227495 12.17864990234375 207
1706867227566 6.481579780578613 216
1706867227637 8.709702491760254 225
1706867227708 12.216205596923828 234
1706867227776 7.7967848777771 243
1706867227847 7.897976875305176 252
1706867227917 9.811195373535156 261
1706867227987 8.951577186584473 270
1706867228033 14.240653991699219 279
1706867229330 9.644172668457031 0
1706867229401 10.081155776977539 10
1706867229472 9.625503540039062 20
1706867229540 10.418634414672852 30
1706867229611 6.907837867736816 40
1706867229681 7.337472915649414 50
1706867229752 9.287464141845703 60
1706867229822 9.209586143493652 70
1706867229891 11.047160148620605 80
1706867229961 9.93724250793457 90
1706867230030 10.567520141601562 100
1706867230099 8.780414581298828 110
1706867230170 9.097774505615234 120
1706867230241 11.375654220581055 130
1706867230311 7.599799156188965 140
1706867230381 11.765316009521484 150
1706867230451 8.09678840637207 160
1706867230520 8.385074615478516 170
1706867230590 8.203868865966797 180
1706867230658 9.512861251831055 190
1706867230727 8.001548767089844 200
1706867230797 7.56614875793457 210
1706867230866 6.940415382385254 220
1706867230936 7.230127811431885 230
1706867231006 8.5149564743042 240
1706867231074 8.589288711547852 250
1706867231145 7.524150848388672 260
1706867231240 9.45445728302002 270
1706867231311 9.24413013458252 280
1706867231380 6.108202934265137 290
1706867231450 11.04656982421875 300
1706867231496 24.532562255859375 310
1706867233086 7.642763137817383 0
1706867233166 9.938644409179688 11
1706867233244 10.336094856262207 22
1706867233321 8.974987030029297 33
1706867233394 5.5001139640808105 44
1706867233466 7.248354434967041 55
1706867233540 7.46182918548584 66
1706867233610 10.931236267089844 77
1706867233681 9.602930068969727 88
1706867233753 8.686689376831055 99
1706867233823 7.603540420532227 110
1706867233895 8.070809364318848 121
1706867233966 7.398024559020996 132
1706867234035 6.419528007507324 143
1706867234104 6.4429545402526855 154
1706867234175 9.89417552947998 165
1706867234245 8.496661186218262 176
1706867234315 5.591069221496582 187
1706867234385 8.740076065063477 198
1706867234454 6.8378400802612305 209
1706867234525 7.904406547546387 220
1706867234595 7.804377555847168 231
1706867234665 7.938959121704102 242
1706867234734 7.013382434844971 253
1706867234805 7.392665386199951 264
1706867234875 11.624144554138184 275
1706867234945 7.675015449523926 286
1706867235016 9.028571128845215 297
1706867235085 11.494213104248047 308
1706867235157 7.992793083190918 319
1706867235227 9.179376602172852 330
1706867235273 13.464754104614258 341
1706867236649 9.893769264221191 0
1706867236721 7.107595443725586 12
1706867236792 5.393648624420166 24
1706867236861 8.244107246398926 36
1706867236929 9.375967025756836 48
1706867236999 9.470518112182617 60
1706867237068 7.865471839904785 72
1706867237139 6.986711025238037 84
1706867237209 7.102615833282471 96
1706867237282 9.343672752380371 108
1706867237354 7.525313377380371 120
1706867237425 8.245596885681152 132
1706867237494 8.5599946975708 144
1706867237562 4.616732597351074 156
1706867237631 5.590204238891602 168
1706867237701 9.431929588317871 180
1706867237770 7.241354942321777 192
1706867237840 8.431859970092773 204
1706867237911 8.4217529296875 216
1706867237980 6.7476911544799805 228
1706867238050 6.66889762878418 240
1706867238122 6.283555030822754 252
1706867238195 5.561456680297852 264
1706867238268 6.845487594604492 276
1706867238337 9.07966136932373 288
1706867238411 5.9309234619140625 300
1706867238481 8.702752113342285 312
1706867238552 10.08061408996582 324
1706867238621 6.469574928283691 336
1706867238694 7.890192031860352 348
1706867238766 6.897161960601807 360
1706867238812 12.634480476379395 372
1706867240147 7.318938255310059 0
1706867240219 7.3420257568359375 13
1706867240290 6.451017379760742 26
1706867240395 6.603668212890625 39
1706867240497 6.077184677124023 52
1706867240567 5.369407653808594 65
1706867240636 6.811923027038574 78
1706867240706 11.004068374633789 91
1706867240775 5.590571403503418 104
1706867240846 4.432559013366699 117
1706867240915 6.81967830657959 130
1706867240986 5.255861759185791 143
1706867241057 14.307065963745117 156
1706867241127 8.498241424560547 169
1706867241196 10.148163795471191 182
1706867241267 7.7683634757995605 195
1706867241337 9.157212257385254 208
1706867241406 11.511991500854492 221
1706867241476 6.751509666442871 234
1706867241546 7.899789333343506 247
1706867241617 6.829769134521484 260
1706867241687 7.009842395782471 273
1706867241756 12.509840965270996 286
1706867241826 6.582207679748535 299
1706867241895 7.097348213195801 312
1706867241964 5.71945858001709 325
1706867242033 9.82918643951416 338
1706867242103 7.409306049346924 351
1706867242172 11.438759803771973 364
1706867242242 9.880586624145508 377
1706867242311 6.288918495178223 390
1706867242357 30.55403709411621 403
1706867243796 6.901694297790527 0
1706867243868 6.680858612060547 14
1706867243940 4.632387161254883 28
1706867244013 9.100393295288086 42
1706867244084 5.124699115753174 56
1706867244156 7.993297576904297 70
1706867244228 6.869202136993408 84
1706867244299 6.796457767486572 98
1706867244370 6.393946647644043 112
1706867244441 9.028024673461914 126
1706867244511 7.148857116699219 140
1706867244581 9.342007637023926 154
1706867244653 4.818364143371582 168
1706867244725 4.385457992553711 182
1706867244827 5.017470359802246 196
1706867244897 6.87298583984375 210
1706867244969 5.6969404220581055 224
1706867245039 9.322467803955078 238
1706867245108 10.202289581298828 252
1706867245178 6.925097465515137 266
1706867245249 5.6187968254089355 280
1706867245318 8.679594039916992 294
1706867245388 6.134521484375 308
1706867245457 4.862538814544678 322
1706867245526 8.423863410949707 336
1706867245595 6.438034534454346 350
1706867245666 7.70468282699585 364
1706867245736 5.648768424987793 378
1706867245805 6.1091742515563965 392
1706867245875 5.820440292358398 406
1706867245945 6.5033860206604 420
1706867245991 8.31600284576416 434
1706867247322 5.330200672149658 0
1706867247393 8.648788452148438 15
1706867247463 4.149744033813477 30
1706867247536 4.7133588790893555 45
1706867247606 5.400039196014404 60
1706867247677 6.250519275665283 75
1706867247749 6.100198268890381 90
1706867247820 6.6297688484191895 105
1706867247910 5.680705547332764 120
1706867247981 6.85558557510376 135
1706867248052 7.939663410186768 150
1706867248123 7.583887100219727 165
1706867248193 7.3532819747924805 180
1706867248263 8.555913925170898 195
1706867248332 6.54071569442749 210
1706867248402 5.640365123748779 225
1706867248471 7.045169353485107 240
1706867248544 6.456984996795654 255
1706867248615 5.274504661560059 270
1706867248684 4.809958457946777 285
1706867248755 5.9736328125 300
1706867248823 6.373841285705566 315
1706867248896 4.9840898513793945 330
1706867248965 7.31507682800293 345
1706867249037 11.033920288085938 360
1706867249105 5.6165008544921875 375
1706867249176 5.06969690322876 390
1706867249246 6.630903244018555 405
1706867249315 6.709223747253418 420
1706867249385 5.925664901733398 435
1706867249455 6.117511749267578 450
1706867249501 13.753643989562988 465
1706867250918 8.322826385498047 0
1706867251021 4.44801139831543 16
1706867251124 7.272823333740234 32
1706867251199 6.7372965812683105 48
1706867251332 8.922146797180176 64
1706867251405 7.52888298034668 80
1706867251480 7.848976135253906 96
1706867251552 8.73095417022705 112
1706867251626 4.579313278198242 128
1706867251696 5.626039028167725 144
1706867251767 5.288088798522949 160
1706867251836 8.214712142944336 176
1706867251905 5.648394584655762 192
1706867251973 5.002366542816162 208
1706867252044 5.589500904083252 224
1706867252114 4.301146507263184 240
1706867252184 7.414978504180908 256
1706867252253 4.01492977142334 272
1706867252323 4.826382637023926 288
1706867252393 6.157939910888672 304
1706867252464 3.9140944480895996 320
1706867252534 5.802389144897461 336
1706867252606 6.293230056762695 352
1706867252674 5.687089920043945 368
1706867252745 5.221498966217041 384
1706867252814 5.855253219604492 400
1706867252885 7.945027828216553 416
1706867252953 4.146139144897461 432
1706867253025 4.8604302406311035 448
1706867253099 4.640219688415527 464
1706867253172 5.072545051574707 480
1706867253219 11.651243209838867 496
1706867254772 3.528867721557617 0
1706867254844 7.057628631591797 17
1706867254920 5.432470321655273 34
1706867254993 3.849961519241333 51
1706867255069 7.149325370788574 68
1706867255164 4.177587032318115 85
1706867255235 5.905979156494141 102
1706867255305 6.666606426239014 119
1706867255378 8.455514907836914 136
1706867255452 6.044377326965332 153
1706867255526 5.014422416687012 170
1706867255596 5.861223220825195 187
1706867255666 7.468906879425049 204
1706867255736 5.5415849685668945 221
1706867255806 5.29172420501709 238
1706867255875 5.4409308433532715 255
1706867255945 4.300343990325928 272
1706867256015 5.086818695068359 289
1706867256085 4.597714424133301 306
1706867256156 8.489334106445312 323
1706867256226 4.840851783752441 340
1706867256302 8.036723136901855 357
1706867256378 4.84901762008667 374
1706867256448 4.735896587371826 391
1706867256519 4.597206115722656 408
1706867256588 4.924424648284912 425
1706867256659 4.7702789306640625 442
1706867256729 6.918555736541748 459
1706867256799 7.969120979309082 476
1706867256866 5.7519354820251465 493
1706867256935 9.321802139282227 510
1706867256982 6.0868635177612305 527
1706867258437 9.066604614257812 0
1706867258508 5.47038459777832 18
1706867258578 3.8789005279541016 36
1706867258649 8.200589179992676 54
1706867258721 6.20858907699585 72
1706867258795 5.768119812011719 90
1706867258866 6.447926044464111 108
1706867258937 5.27276086807251 126
1706867259008 4.49440860748291 144
1706867259104 4.983109474182129 162
1706867259176 5.357987403869629 180
1706867259245 4.807836055755615 198
1706867259314 9.676523208618164 216
1706867259384 4.367905139923096 234
1706867259454 4.39744758605957 252
1706867259524 3.450162410736084 270
1706867259593 5.610966682434082 288
1706867259667 4.548521041870117 306
1706867259739 6.154481887817383 324
1706867259809 6.301162242889404 342
1706867259880 4.35802698135376 360
1706867259951 7.100976943969727 378
1706867260024 4.0240888595581055 396
1706867260095 5.389043807983398 414
1706867260166 5.1237006187438965 432
1706867260237 7.261697292327881 450
1706867260331 7.0363569259643555 468
1706867260401 8.424392700195312 486
1706867260471 6.0482707023620605 504
1706867260543 7.010878562927246 522
1706867260614 6.121608734130859 540
1706867260659 4.271129131317139 558
1706867262038 6.323714256286621 0
1706867262110 5.264343738555908 19
1706867262182 5.414565086364746 38
1706867262252 4.855593681335449 57
1706867262322 4.763192176818848 76
1706867262391 4.3386383056640625 95
1706867262462 5.810610771179199 114
1706867262531 2.504772663116455 133
1706867262600 6.863796710968018 152
1706867262670 3.3557331562042236 171
1706867262739 4.574631214141846 190
1706867262808 8.220504760742188 209
1706867262879 7.108041763305664 228
1706867262947 4.199643135070801 247
1706867263017 4.864058017730713 266
1706867263088 4.878260135650635 285
1706867263215 6.714848041534424 304
1706867263322 3.769733428955078 323
1706867263391 4.853856086730957 342
1706867263461 4.7001566886901855 361
1706867263530 4.591423988342285 380
1706867263602 5.818338394165039 399
1706867263672 5.265921115875244 418
1706867263741 5.3911662101745605 437
1706867263811 5.271245956420898 456
1706867263880 4.028750419616699 475
1706867263949 4.24147891998291 494
1706867264018 7.816864967346191 513
1706867264086 5.263667106628418 532
1706867264156 4.082791328430176 551
1706867264225 3.60267972946167 570
1706867264271 4.679713249206543 589
1706867265625 7.015209197998047 0
1706867265695 6.323639869689941 20
1706867265768 5.560231685638428 40
1706867265838 8.788028717041016 60
1706867265907 6.741342544555664 80
1706867265977 6.830450534820557 100
1706867266046 5.548774719238281 120
1706867266115 3.7626965045928955 140
1706867266209 5.979372978210449 160
1706867266277 4.927430629730225 180
1706867266347 4.912452220916748 200
1706867266415 5.7752685546875 220
1706867266484 5.284420967102051 240
1706867266553 3.557096481323242 260
1706867266621 6.407440185546875 280
1706867266690 6.098888397216797 300
1706867266759 4.254746437072754 320
1706867266829 9.258825302124023 340
1706867266899 4.126117706298828 360
1706867266968 7.216324329376221 380
1706867267037 6.148787021636963 400
1706867267110 5.190316200256348 420
1706867267181 3.968827962875366 440
1706867267252 9.809745788574219 460
1706867267321 6.027457237243652 480
1706867267389 7.515707015991211 500
1706867267459 4.6525044441223145 520
1706867267528 7.255900859832764 540
1706867267598 4.281869411468506 560
1706867267668 4.613035202026367 580
1706867267738 9.969963073730469 600
1706867267783 13.994241714477539 620
1706867269248 3.310345411300659 0
1706867269318 3.186272621154785 21
1706867269391 2.56564998626709 42
1706867269487 7.899272918701172 63
1706867269556 4.41161584854126 84
1706867269628 3.414133071899414 105
1706867269697 7.810752868652344 126
1706867269769 5.053690433502197 147
1706867269838 4.222481727600098 168
1706867269912 6.92600679397583 189
1706867269982 5.3995466232299805 210
1706867270053 3.861138343811035 231
1706867270122 6.954492568969727 252
1706867270193 3.4162354469299316 273
1706867270263 3.5964701175689697 294
1706867270332 2.924988269805908 315
1706867270401 4.489107131958008 336
1706867270471 3.1754260063171387 357
1706867270542 4.776254653930664 378
1706867270613 5.683554649353027 399
1706867270683 4.168601989746094 420
1706867270756 9.072339057922363 441
1706867270829 4.894280433654785 462
1706867270897 4.758406639099121 483
1706867270967 4.444406509399414 504
1706867271036 4.117739200592041 525
1706867271109 5.5037946701049805 546
1706867271180 3.9481048583984375 567
1706867271250 5.479650497436523 588
1706867271321 4.485756874084473 609
1706867271391 3.4056262969970703 630
1706867271437 8.58130931854248 651
1706867272861 2.930698871612549 0
1706867272931 3.651787281036377 22
1706867273003 4.353542804718018 44
1706867273074 3.9118597507476807 66
1706867273145 3.7429158687591553 88
1706867273217 3.894232749938965 110
1706867273288 4.719849586486816 132
1706867273360 4.953341484069824 154
1706867273431 5.434043884277344 176
1706867273502 8.219247817993164 198
1706867273573 4.406712532043457 220
1706867273645 4.627218246459961 242
1706867273715 7.403172492980957 264
1706867273786 4.994511604309082 286
1706867273857 5.319957733154297 308
1706867273927 3.790602207183838 330
1706867273996 2.5444283485412598 352
1706867274067 6.062538146972656 374
1706867274136 3.6351499557495117 396
1706867274205 4.176974773406982 418
1706867274275 4.036465644836426 440
1706867274346 6.267225742340088 462
1706867274417 3.689819812774658 484
1706867274488 8.778128623962402 506
1706867274559 4.271733283996582 528
1706867274630 3.679474353790283 550
1706867274701 3.1003127098083496 572
1706867274771 5.700482368469238 594
1706867274843 3.1497812271118164 616
1706867274913 3.2702155113220215 638
1706867274984 5.846515655517578 660
1706867275031 6.366302490234375 682
1706867276339 4.471653938293457 0
1706867276411 5.12654447555542 23
1706867276484 4.19837760925293 46
1706867276556 5.841904640197754 69
1706867276626 5.809442520141602 92
1706867276697 3.9381234645843506 115
1706867276769 3.4523749351501465 138
1706867276864 3.2065796852111816 161
1706867276935 4.1399641036987305 184
1706867277004 4.251640319824219 207
1706867277075 3.515486001968384 230
1706867277145 5.010374069213867 253
1706867277216 5.336370468139648 276
1706867277287 7.288821220397949 299
1706867277359 3.4479472637176514 322
1706867277430 2.6578400135040283 345
1706867277502 8.067146301269531 368
1706867277572 2.471040725708008 391
1706867277646 3.801032543182373 414
1706867277716 4.939302444458008 437
1706867277787 4.603696346282959 460
1706867277855 4.858362674713135 483
1706867277924 4.906957626342773 506
1706867277993 4.255794525146484 529
1706867278062 3.3122758865356445 552
1706867278132 11.060567855834961 575
1706867278202 3.436450719833374 598
1706867278273 2.926379680633545 621
1706867278341 4.22755241394043 644
1706867278411 3.3173065185546875 667
1706867278480 6.020866394042969 690
1706867278527 5.23333740234375 713
1706867279864 5.502051830291748 0
1706867279935 3.6425621509552 24
1706867280006 2.7139878273010254 48
1706867280077 4.624526500701904 72
1706867280148 3.2535600662231445 96
1706867280223 3.36676025390625 120
1706867280298 4.098287582397461 144
1706867280369 3.975180149078369 168
1706867280439 2.697653293609619 192
1706867280508 3.512103796005249 216
1706867280576 3.333158493041992 240
1706867280645 4.2327728271484375 264
1706867280717 4.2924346923828125 288
1706867280786 4.90262508392334 312
1706867280856 3.8074965476989746 336
1706867280925 3.3300163745880127 360
1706867280995 6.1940131187438965 384
1706867281065 6.136885643005371 408
1706867281135 6.953821182250977 432
1706867281205 5.503577709197998 456
1706867281275 4.259990692138672 480
1706867281342 3.5184485912323 504
1706867281412 5.718951225280762 528
1706867281484 4.95465087890625 552
1706867281581 4.143276214599609 576
1706867281706 3.7268505096435547 600
1706867281774 4.203991889953613 624
1706867281908 8.248411178588867 648
1706867281983 3.7321407794952393 672
1706867282078 4.157219886779785 696
1706867282174 3.919461727142334 720
1706867282221 10.377620697021484 744
1706867283597 5.168172359466553 0
1706867283674 3.2516098022460938 25
1706867283751 3.7957661151885986 50
1706867283827 6.081568717956543 75
1706867283898 6.5778350830078125 100
1706867283992 4.2166428565979 125
1706867284098 3.8831100463867188 150
1706867284170 2.554384708404541 175
1706867284240 4.737359046936035 200
1706867284310 4.990542411804199 225
1706867284380 4.502640724182129 250
1706867284450 4.440462112426758 275
1706867284521 8.510873794555664 300
1706867284617 4.876350402832031 325
1706867284686 6.929616928100586 350
1706867284755 3.841487407684326 375
1706867284826 2.976715564727783 400
1706867284895 7.326690673828125 425
1706867284963 3.8365156650543213 450
1706867285032 5.172329425811768 475
1706867285101 5.162627696990967 500
1706867285172 3.888767957687378 525
1706867285242 3.2622275352478027 550
1706867285311 4.756115436553955 575
1706867285380 2.7748730182647705 600
1706867285450 4.5444231033325195 625
1706867285520 4.494410514831543 650
1706867285589 4.004715442657471 675
1706867285659 5.001733779907227 700
1706867285727 7.50357723236084 725
1706867285796 3.6988883018493652 750
1706867285841 6.018874168395996 775
1706867287162 3.7488815784454346 0
1706867287233 3.1034979820251465 26
1706867287302 8.111644744873047 52
1706867287372 3.415560245513916 78
1706867287441 6.231552600860596 104
1706867287511 4.173648834228516 130
1706867287581 5.735726833343506 156
1706867287654 2.978549003601074 182
1706867287723 4.005744934082031 208
1706867287794 6.1417646408081055 234
1706867287862 5.459712982177734 260
1706867287931 5.113600730895996 286
1706867288000 3.305049419403076 312
1706867288072 5.465240478515625 338
1706867288142 3.9447011947631836 364
1706867288212 8.827901840209961 390
1706867288282 3.6907799243927 416
1706867288350 10.809972763061523 442
1706867288419 5.824134349822998 468
1706867288487 8.792333602905273 494
1706867288558 4.445467948913574 520
1706867288685 5.7414116859436035 546
1706867288755 3.5946788787841797 572
1706867288826 4.937082767486572 598
1706867288896 3.928035259246826 624
1706867288965 4.305393218994141 650
1706867289036 2.9556431770324707 676
1706867289107 3.7954933643341064 702
1706867289179 4.685561180114746 728
1706867289251 4.939219951629639 754
1706867289322 4.817078113555908 780
1706867289368 8.721054077148438 806
1706867290686 4.480113983154297 0
1706867290758 6.305052757263184 27
1706867290831 4.042303085327148 54
1706867290902 5.484207630157471 81
1706867290973 2.8503527641296387 108
1706867291043 4.359257221221924 135
1706867291113 4.876473903656006 162
1706867291184 5.014321327209473 189
1706867291254 4.0858564376831055 216
1706867291325 3.494711399078369 243
1706867291395 3.38045334815979 270
1706867291465 2.477327346801758 297
1706867291534 3.371974468231201 324
1706867291604 6.407454490661621 351
1706867291673 3.472501277923584 378
1706867291743 3.5048389434814453 405
1706867291815 6.454092979431152 432
1706867291883 5.554082870483398 459
1706867291954 6.90280294418335 486
1706867292024 7.561963081359863 513
1706867292094 9.531103134155273 540
1706867292163 4.943305492401123 567
1706867292233 3.9620914459228516 594
1706867292303 4.276045322418213 621
1706867292374 3.269430160522461 648
1706867292445 3.8559978008270264 675
1706867292513 4.165768623352051 702
1706867292584 2.4540162086486816 729
1706867292653 5.427896499633789 756
1706867292723 5.3642072677612305 783
1706867292792 4.9661865234375 810
1706867292839 6.7625017166137695 837
1706867294136 3.4910778999328613 0
1706867294210 4.085273742675781 28
1706867294281 3.948563575744629 56
1706867294349 2.5704212188720703 84
1706867294418 7.800969123840332 112
1706867294489 4.361856460571289 140
1706867294561 3.293161392211914 168
1706867294631 3.4901089668273926 196
1706867294702 5.758181571960449 224
1706867294772 2.870680332183838 252
1706867294842 2.5322771072387695 280
1706867294912 6.775418281555176 308
1706867294982 10.019400596618652 336
1706867295051 4.108229637145996 364
1706867295121 8.760072708129883 392
1706867295189 3.476982831954956 420
1706867295260 3.389716148376465 448
1706867295329 5.4011149406433105 476
1706867295400 4.59343147277832 504
1706867295471 4.490694999694824 532
1706867295540 3.949589729309082 560
1706867295611 3.0519824028015137 588
1706867295681 6.544469833374023 616
1706867295753 3.822904109954834 644
1706867295824 2.8900537490844727 672
1706867295892 2.7730510234832764 700
1706867295963 6.530464172363281 728
1706867296032 5.158608436584473 756
1706867296102 3.2704811096191406 784
1706867296173 4.303972244262695 812
1706867296243 5.3268537521362305 840
1706867296289 9.723836898803711 868
1706867297612 3.1289868354797363 0
1706867297682 3.981001615524292 29
1706867297755 5.332605361938477 58
1706867297825 3.281848907470703 87
1706867297895 4.68171501159668 116
1706867297966 3.002716541290283 145
1706867298037 4.832268714904785 174
1706867298109 2.8766002655029297 203
1706867298177 4.770699977874756 232
1706867298247 2.82277774810791 261
1706867298317 7.026047229766846 290
1706867298387 7.388025283813477 319
1706867298456 4.088047027587891 348
1706867298527 5.462339878082275 377
1706867298599 4.238061904907227 406
1706867298670 3.544625997543335 435
1706867298741 3.267756462097168 464
1706867298813 5.056375503540039 493
1706867298884 4.253103256225586 522
1706867298953 3.523472309112549 551
1706867299024 6.997611045837402 580
1706867299093 2.9267396926879883 609
1706867299163 7.278382301330566 638
1706867299234 4.153755187988281 667
1706867299304 9.186387062072754 696
1706867299375 3.928434371948242 725
1706867299445 4.253313064575195 754
1706867299518 9.104913711547852 783
1706867299590 4.5341410636901855 812
1706867299659 3.0131590366363525 841
1706867299730 7.151846408843994 870
1706867299777 4.981507778167725 899
1706867301082 3.69858455657959 0
1706867301153 5.505819320678711 30
1706867301223 4.118780136108398 60
1706867301292 3.4817724227905273 90
1706867301361 8.501798629760742 120
1706867301431 5.403774261474609 150
1706867301502 3.298513412475586 180
1706867301571 7.553567886352539 210
1706867301643 3.1699090003967285 240
1706867301714 6.3198723793029785 270
1706867301784 8.134254455566406 300
1706867301855 4.902976036071777 330
1706867301924 9.494607925415039 360
1706867301993 8.441635131835938 390
1706867302063 6.890825271606445 420
1706867302133 3.10079288482666 450
1706867302203 3.6050004959106445 480
1706867302274 3.336610794067383 510
1706867302345 3.5750575065612793 540
1706867302417 3.859870672225952 570
1706867302486 5.350680351257324 600
1706867302557 5.216845512390137 630
1706867302628 3.8367247581481934 660
1706867302699 4.208764553070068 690
1706867302769 4.699851036071777 720
1706867302841 5.4975481033325195 750
1706867302912 3.4466428756713867 780
1706867302981 4.117456436157227 810
1706867303052 4.1949849128723145 840
1706867303121 3.9339654445648193 870
1706867303191 4.496315956115723 900
1706867303237 6.82819938659668 930
