1706867198006 1282.082275390625 0
1706867198103 941.39306640625 1
1706867198186 1079.649658203125 2
1706867198260 1503.63134765625 3
1706867198338 1053.6754150390625 4
1706867198410 1278.845947265625 5
1706867198480 1012.7470703125 6
1706867198552 1587.23583984375 7
1706867198621 1546.261474609375 8
1706867198690 1203.2080078125 9
1706867198760 1724.7060546875 10
1706867198830 1251.6683349609375 11
1706867198900 1550.1419677734375 12
1706867198970 1529.1492919921875 13
1706867199040 1455.291748046875 14
1706867199109 1360.0048828125 15
1706867199179 1880.14697265625 16
1706867199248 960.8211059570312 17
1706867199317 1427.056884765625 18
1706867199386 1326.0810546875 19
1706867199454 1308.52197265625 20
1706867199524 1138.7633056640625 21
1706867199593 1297.5771484375 22
1706867199661 1131.151123046875 23
1706867199731 1264.4515380859375 24
1706867199801 1416.856689453125 25
1706867199870 1714.8438720703125 26
1706867199940 773.854248046875 27
1706867200010 1354.93359375 28
1706867200081 1345.41162109375 29
1706867200151 983.1845092773438 30
1706867200281 1629.0467529296875 31
1706867200329 1326.845458984375 0
1706867200369 1283.48681640625 0
1706867200409 1293.5543212890625 0
1706867200447 722.9088134765625 0
1706867200484 982.6016235351562 0
1706867200522 982.09521484375 0
1706867200561 1008.27099609375 0
1706867200599 1243.44189453125 0
1706867200637 1280.447021484375 0
1706867200675 976.57861328125 0
1706867200726 941.10693359375 0
1706867200764 998.2349853515625 0
1706867200802 852.7347412109375 0
1706867200841 1319.901123046875 0
1706867200879 713.71142578125 0
1706867200917 1587.41162109375 0
1706867200954 1243.9091796875 0
1706867200993 1484.37939453125 0
1706867201031 953.507080078125 0
1706867201069 1191.255615234375 0
1706867201107 1877.211669921875 0
1706867201145 1187.966552734375 0
1706867201183 1217.256103515625 0
1706867201221 999.1708984375 0
1706867201259 1005.1329345703125 0
1706867201297 1381.4088134765625 0
1706867201335 1186.224365234375 0
1706867201374 1052.1934814453125 0
1706867201412 1397.235595703125 0
1706867201450 1316.72998046875 0
1706867201488 1060.807373046875 0
1706867201511 1290.364501953125 0
1706867201627 1067.13232421875 0
1706867201698 748.3895263671875 2
1706867201768 1100.376220703125 4
1706867201837 626.737548828125 6
1706867201906 652.0518798828125 8
1706867201975 1033.197021484375 10
1706867202045 980.8717041015625 12
1706867202112 771.1804809570312 14
1706867202182 828.3286743164062 16
1706867202251 1284.56494140625 18
1706867202319 672.121826171875 20
1706867202389 553.0601806640625 22
1706867202457 712.2551879882812 24
1706867202526 737.476318359375 26
1706867202595 1014.1571655273438 28
1706867202665 702.7759399414062 30
1706867202733 874.1861572265625 32
1706867202807 1382.219970703125 34
1706867202877 802.905029296875 36
1706867202948 1059.816162109375 38
1706867203018 935.0227661132812 40
1706867203087 950.2450561523438 42
1706867203156 825.7362060546875 44
1706867203225 551.5678100585938 46
1706867203294 752.7027587890625 48
1706867203364 767.5299072265625 50
1706867203432 782.6800537109375 52
1706867203502 584.3052978515625 54
1706867203571 568.1710815429688 56
1706867203641 800.4122924804688 58
1706867203711 688.0755615234375 60
1706867203757 962.4515380859375 62
1706867203805 845.85888671875 32
1706867203844 771.594482421875 32
1706867203883 811.07666015625 32
1706867203923 435.3890380859375 32
1706867203961 594.3081665039062 32
1706867203999 533.71142578125 32
1706867204040 621.7640380859375 32
1706867204079 579.961181640625 32
1706867204117 538.4893798828125 32
1706867204157 386.55450439453125 32
1706867204196 538.2230224609375 32
1706867204235 592.9769287109375 32
1706867204275 444.5030212402344 32
1706867204313 777.2151489257812 32
1706867204351 379.336181640625 32
1706867204392 871.4658813476562 32
1706867204430 742.3006591796875 32
1706867204468 810.2041625976562 32
1706867204508 426.3576965332031 32
1706867204546 473.54412841796875 32
1706867204584 1183.4923095703125 32
1706867204624 512.6009521484375 32
1706867204662 638.3599243164062 32
1706867204700 612.89892578125 32
1706867204740 595.5046997070312 32
1706867204778 773.5816650390625 32
1706867204816 570.8580322265625 32
1706867204856 666.42041015625 32
1706867204894 804.8561401367188 32
1706867204932 775.8375854492188 32
1706867204973 575.5313720703125 32
1706867204995 1001.761962890625 32
1706867205083 557.96435546875 0
1706867205152 771.7913208007812 3
1706867205224 425.0140380859375 6
1706867205295 667.8364868164062 9
1706867205366 749.9907836914062 12
1706867205436 572.4383544921875 15
1706867205506 554.6396484375 18
1706867205575 639.720703125 21
1706867205645 316.0447692871094 24
1706867205713 622.465087890625 27
1706867205782 477.9065856933594 30
1706867205852 928.3243408203125 33
1706867205922 493.1474609375 36
1706867205991 537.7017822265625 39
1706867206061 568.4635009765625 42
1706867206130 420.64337158203125 45
1706867206201 522.2247924804688 48
1706867206272 590.743408203125 51
1706867206342 209.91299438476562 54
1706867206411 397.20465087890625 57
1706867206481 465.71502685546875 60
1706867206550 496.313720703125 63
1706867206618 327.49468994140625 66
1706867206687 516.71044921875 69
1706867206758 388.9699401855469 72
1706867206827 430.2034912109375 75
1706867206897 341.4806823730469 78
1706867206966 347.7273254394531 81
1706867207036 418.0712890625 84
1706867207106 306.80816650390625 87
1706867207176 344.5458679199219 90
1706867207222 406.2928466796875 93
1706867207270 634.987548828125 64
1706867207312 575.9068603515625 64
1706867207352 637.973388671875 64
1706867207392 422.9408874511719 64
1706867207430 484.8060302734375 64
1706867207468 239.989990234375 64
1706867207506 462.4415283203125 64
1706867207545 319.62652587890625 64
1706867207585 488.2737731933594 64
1706867207623 323.7593994140625 64
1706867207662 318.55194091796875 64
1706867207700 468.84173583984375 64
1706867207738 318.26171875 64
1706867207776 565.700927734375 64
1706867207814 345.99609375 64
1706867207852 534.332763671875 64
1706867207890 612.3262939453125 64
1706867207928 361.0428466796875 64
1706867207967 318.2372131347656 64
1706867208005 285.9671630859375 64
1706867208044 806.7055053710938 64
1706867208082 319.3861389160156 64
1706867208120 247.98678588867188 64
1706867208159 253.38241577148438 64
1706867208197 448.7229919433594 64
1706867208236 463.54278564453125 64
1706867208274 347.48699951171875 64
1706867208313 466.8335876464844 64
1706867208353 392.5010986328125 64
1706867208391 434.6246337890625 64
1706867208429 338.78521728515625 64
1706867208452 561.533935546875 64
1706867208521 289.20208740234375 0
1706867208590 260.60198974609375 4
1706867208661 392.96844482421875 8
1706867208729 408.2193908691406 12
1706867208798 410.32025146484375 16
1706867208867 310.45416259765625 20
1706867208936 348.7247619628906 24
1706867209005 206.55105590820312 28
1706867209072 383.59222412109375 32
1706867209145 435.4776916503906 36
1706867209214 489.60467529296875 40
1706867209284 279.1046142578125 44
1706867209351 704.8309326171875 48
1706867209420 397.4674377441406 52
1706867209489 474.1744384765625 56
1706867209558 308.4923095703125 60
1706867209626 350.72113037109375 64
1706867209694 295.0483703613281 68
1706867209770 576.5557250976562 72
1706867209839 418.95050048828125 76
1706867209908 273.7924499511719 80
1706867209980 358.8151550292969 84
1706867210049 452.1507568359375 88
1706867210125 266.2506103515625 92
1706867210195 176.20156860351562 96
1706867210264 413.889892578125 100
1706867210332 290.4039306640625 104
1706867210403 288.99066162109375 108
1706867210472 464.8195495605469 112
1706867210542 210.8260498046875 116
1706867210614 294.9342956542969 120
1706867210660 173.1318359375 124
1706867210709 585.0205078125 96
1706867210749 229.05178833007812 96
1706867210789 437.48992919921875 96
1706867210828 398.1837158203125 96
1706867210867 505.373779296875 96
1706867210906 521.6748657226562 96
1706867210946 545.7913818359375 96
1706867210986 307.45361328125 96
1706867211025 402.8705749511719 96
1706867211064 477.5363464355469 96
1706867211103 317.58544921875 96
1706867211142 524.1204833984375 96
1706867211181 329.099365234375 96
1706867211220 570.7954711914062 96
1706867211259 344.70855712890625 96
1706867211298 330.5115966796875 96
1706867211337 436.46759033203125 96
1706867211376 358.25494384765625 96
1706867211418 263.27520751953125 96
1706867211456 398.2001037597656 96
1706867211495 551.9682006835938 96
1706867211534 282.0116882324219 96
1706867211573 318.2684326171875 96
1706867211612 493.1802978515625 96
1706867211650 208.99603271484375 96
1706867211690 432.3735046386719 96
1706867211729 366.895263671875 96
1706867211767 374.63641357421875 96
1706867211806 327.3189697265625 96
1706867211845 457.10028076171875 96
1706867211884 485.4745788574219 96
1706867211907 407.4595947265625 96
1706867212015 267.1046142578125 0
1706867212087 238.01034545898438 5
1706867212158 254.39443969726562 10
1706867212228 277.9251403808594 15
1706867212300 214.36050415039062 20
1706867212375 243.1774444580078 25
1706867212444 297.63885498046875 30
1706867212520 255.01187133789062 35
1706867212589 335.90087890625 40
1706867212658 450.18402099609375 45
1706867212726 144.1121368408203 50
1706867212795 421.4930114746094 55
1706867212863 322.2437438964844 60
1706867212933 364.1851501464844 65
1706867213002 310.75018310546875 70
1706867213071 225.11019897460938 75
1706867213140 278.87713623046875 80
1706867213210 193.83702087402344 85
1706867213279 311.69915771484375 90
1706867213349 195.03880310058594 95
1706867213417 162.37899780273438 100
1706867213488 327.38653564453125 105
1706867213556 145.6370849609375 110
1706867213624 145.34934997558594 115
1706867213693 294.36785888671875 120
1706867213762 236.94735717773438 125
1706867213831 406.2669677734375 130
1706867213899 321.47674560546875 135
1706867213969 206.698974609375 140
1706867214038 282.40020751953125 145
1706867214106 205.56446838378906 150
1706867214152 262.4952392578125 155
1706867214200 558.2453002929688 128
1706867214262 235.3243865966797 128
1706867214301 374.7568359375 128
1706867214339 407.28515625 128
1706867214377 299.39642333984375 128
1706867214415 486.6497497558594 128
1706867214452 431.9818115234375 128
1706867214490 252.52757263183594 128
1706867214529 390.2756042480469 128
1706867214567 305.3518371582031 128
1706867214604 432.066650390625 128
1706867214642 408.0537109375 128
1706867214679 363.898681640625 128
1706867214717 392.07452392578125 128
1706867214755 233.3552703857422 128
1706867214792 376.35321044921875 128
1706867214830 570.3935546875 128
1706867214868 256.29248046875 128
1706867214905 189.27947998046875 128
1706867214943 284.80828857421875 128
1706867214980 635.9548950195312 128
1706867215018 364.5910339355469 128
1706867215056 271.3362731933594 128
1706867215094 336.31817626953125 128
1706867215132 243.89816284179688 128
1706867215169 413.7930908203125 128
1706867215207 337.48553466796875 128
1706867215245 151.98568725585938 128
1706867215282 386.27056884765625 128
1706867215320 377.765869140625 128
1706867215358 443.7888488769531 128
1706867215380 594.947998046875 128
1706867215505 245.746337890625 0
1706867215575 195.18960571289062 6
1706867215643 160.03286743164062 12
1706867215712 166.4227752685547 18
1706867215781 145.98129272460938 24
1706867215850 278.60357666015625 30
1706867215919 189.22462463378906 36
1706867215988 190.75079345703125 42
1706867216058 247.13380432128906 48
1706867216127 176.90194702148438 54
1706867216195 498.70477294921875 60
1706867216264 244.26612854003906 66
1706867216332 273.85772705078125 72
1706867216401 254.03822326660156 78
1706867216470 122.72195434570312 84
1706867216539 342.62274169921875 90
1706867216608 215.61912536621094 96
1706867216677 364.4629211425781 102
1706867216746 266.215087890625 108
1706867216814 210.68817138671875 114
1706867216883 140.0203857421875 120
1706867216952 302.1202392578125 126
1706867217021 227.95199584960938 132
1706867217089 138.46685791015625 138
1706867217159 276.2777099609375 144
1706867217227 345.5472717285156 150
1706867217297 280.53558349609375 156
1706867217365 289.09674072265625 162
1706867217435 304.2131042480469 168
1706867217503 339.77099609375 174
1706867217574 152.31478881835938 180
1706867217620 621.853271484375 186
1706867217667 591.704833984375 160
1706867217705 282.1732177734375 160
1706867217744 347.6433410644531 160
1706867217782 452.9211730957031 160
1706867217820 350.8765869140625 160
1706867217857 457.95281982421875 160
1706867217896 546.6380615234375 160
1706867217934 311.9256591796875 160
1706867217972 453.4064025878906 160
1706867218010 479.454345703125 160
1706867218048 357.54754638671875 160
1706867218086 456.518310546875 160
1706867218124 361.78350830078125 160
1706867218162 539.870361328125 160
1706867218200 373.326171875 160
1706867218238 389.85980224609375 160
1706867218276 485.0984191894531 160
1706867218314 384.368896484375 160
1706867218352 319.9132080078125 160
1706867218389 394.13787841796875 160
1706867218427 549.22705078125 160
1706867218465 414.62890625 160
1706867218503 440.44720458984375 160
1706867218540 497.789306640625 160
1706867218579 378.35748291015625 160
1706867218617 393.44085693359375 160
1706867218655 354.8336181640625 160
1706867218692 320.5352783203125 160
1706867218730 355.94781494140625 160
1706867218768 408.1380310058594 160
1706867218806 554.0304565429688 160
1706867218829 485.63262939453125 160
1706867218903 290.2625427246094 0
1706867218974 206.74850463867188 7
1706867219042 143.43655395507812 14
1706867219113 226.47189331054688 21
1706867219181 364.374267578125 28
1706867219248 112.12846374511719 35
1706867219318 150.30923461914062 42
1706867219385 315.4710693359375 49
1706867219455 184.318603515625 56
1706867219525 237.691650390625 63
1706867219593 386.0085144042969 70
1706867219661 159.53921508789062 77
1706867219731 147.88812255859375 84
1706867219801 236.87823486328125 91
1706867219871 235.0338897705078 98
1706867219939 123.7213363647461 105
1706867220034 110.2578353881836 112
1706867220103 170.37794494628906 119
1706867220175 374.82513427734375 126
1706867220243 264.99822998046875 133
1706867220311 126.20631408691406 140
1706867220379 355.5096740722656 147
1706867220449 227.959228515625 154
1706867220519 366.2998046875 161
1706867220587 197.08302307128906 168
1706867220657 339.3179626464844 175
1706867220725 141.845458984375 182
1706867220795 210.54635620117188 189
1706867220865 290.01123046875 196
1706867220935 116.5404281616211 203
1706867221004 181.0352783203125 210
1706867221050 424.53546142578125 217
1706867221099 567.9722290039062 192
1706867221138 320.1626892089844 192
1706867221178 303.7892761230469 192
1706867221216 289.70361328125 192
1706867221255 323.2875671386719 192
1706867221292 525.5423583984375 192
1706867221332 611.876220703125 192
1706867221370 493.1912841796875 192
1706867221409 324.15924072265625 192
1706867221447 312.929931640625 192
1706867221485 341.8367919921875 192
1706867221524 305.78131103515625 192
1706867221562 312.2519226074219 192
1706867221600 319.79461669921875 192
1706867221641 253.91720581054688 192
1706867221680 395.83892822265625 192
1706867221718 507.358642578125 192
1706867221756 317.5541076660156 192
1706867221794 300.7216796875 192
1706867221833 312.91717529296875 192
1706867221871 449.187744140625 192
1706867221909 372.3819885253906 192
1706867221947 399.24853515625 192
1706867221985 361.66815185546875 192
1706867222024 325.5957336425781 192
1706867222062 244.98716735839844 192
1706867222101 564.9990844726562 192
1706867222139 223.9925079345703 192
1706867222177 373.9677734375 192
1706867222215 339.01763916015625 192
1706867222253 302.7708740234375 192
1706867222276 1143.818603515625 192
1706867222403 241.1141357421875 0
1706867222474 165.37741088867188 8
1706867222545 94.73723602294922 16
1706867222615 197.6766357421875 24
1706867222686 97.33309936523438 32
1706867222757 118.05537414550781 40
1706867222825 183.55873107910156 48
1706867222897 100.2959213256836 56
1706867222967 141.16708374023438 64
1706867223040 198.25827026367188 72
1706867223111 153.91238403320312 80
1706867223180 252.5152587890625 88
1706867223250 233.54916381835938 96
1706867223319 178.4818115234375 104
1706867223390 173.8353271484375 112
1706867223459 155.51806640625 120
1706867223529 148.2330322265625 128
1706867223598 162.242431640625 136
1706867223666 250.7671356201172 144
1706867223735 242.70265197753906 152
1706867223804 203.8604736328125 160
1706867223877 160.26612854003906 168
1706867223951 274.0874938964844 176
1706867224024 250.48480224609375 184
1706867224094 170.6426239013672 192
1706867224163 82.77448272705078 200
1706867224234 472.4288024902344 208
1706867224305 156.29501342773438 216
1706867224374 143.8629608154297 224
1706867224448 267.31158447265625 232
1706867224519 259.182373046875 240
1706867224565 760.2535400390625 248
1706867224614 469.4896240234375 224
1706867224653 246.17388916015625 224
1706867224692 274.3258056640625 224
1706867224729 283.27911376953125 224
1706867224767 248.15090942382812 224
1706867224805 333.44854736328125 224
1706867224844 448.92730712890625 224
1706867224881 234.5598907470703 224
1706867224918 369.7236328125 224
1706867224956 251.82814025878906 224
1706867224995 289.01422119140625 224
1706867225033 324.17694091796875 224
1706867225070 282.909423828125 224
1706867225108 360.4744873046875 224
1706867225150 193.0034637451172 224
1706867225188 334.55419921875 224
1706867225226 388.19207763671875 224
1706867225264 247.22528076171875 224
1706867225302 254.31979370117188 224
1706867225340 268.8827819824219 224
1706867225378 414.24542236328125 224
1706867225416 277.2330322265625 224
1706867225453 240.84278869628906 224
1706867225491 308.5030212402344 224
1706867225529 217.62081909179688 224
1706867225568 280.1144104003906 224
1706867225605 264.5303955078125 224
1706867225642 213.96168518066406 224
1706867225680 318.8871765136719 224
1706867225718 356.91998291015625 224
1706867225756 301.56591796875 224
1706867225779 324.56951904296875 224
1706867225874 177.54779052734375 0
1706867225944 234.57249450683594 9
1706867226016 167.42962646484375 18
1706867226085 131.85494995117188 27
1706867226156 246.15306091308594 36
1706867226227 96.69627380371094 45
1706867226295 150.10243225097656 54
1706867226365 173.1335906982422 63
1706867226435 128.03802490234375 72
1706867226505 256.98828125 81
1706867226575 188.5655059814453 90
1706867226644 231.58242797851562 99
1706867226715 214.72731018066406 108
1706867226786 102.99136352539062 117
1706867226855 120.00918579101562 126
1706867226926 217.98614501953125 135
1706867226995 174.47833251953125 144
1706867227065 314.9328918457031 153
1706867227136 159.0569610595703 162
1706867227206 95.85028839111328 171
1706867227275 215.9169921875 180
1706867227346 230.51144409179688 189
1706867227416 190.79208374023438 198
1706867227486 225.33251953125 207
1706867227558 85.80431365966797 216
1706867227628 129.73214721679688 225
1706867227699 230.79019165039062 234
1706867227768 136.5576171875 243
1706867227839 122.88995361328125 252
1706867227909 154.24830627441406 261
1706867227978 168.029296875 270
1706867228024 335.59307861328125 279
1706867228073 424.59710693359375 256
1706867228114 271.2552795410156 256
1706867228154 420.3230285644531 256
1706867228193 313.29571533203125 256
1706867228231 210.38296508789062 256
1706867228269 296.9879150390625 256
1706867228308 515.598388671875 256
1706867228346 259.6649169921875 256
1706867228385 265.14154052734375 256
1706867228424 306.9295654296875 256
1706867228462 189.58087158203125 256
1706867228501 320.1998596191406 256
1706867228539 213.96047973632812 256
1706867228577 242.14682006835938 256
1706867228616 209.46124267578125 256
1706867228654 318.8160400390625 256
1706867228693 387.69183349609375 256
1706867228731 300.4842834472656 256
1706867228769 178.10586547851562 256
1706867228809 324.2397155761719 256
1706867228847 538.2849731445312 256
1706867228886 308.94708251953125 256
1706867228924 102.6925048828125 256
1706867228962 243.09719848632812 256
1706867229000 267.9330749511719 256
1706867229038 196.78359985351562 256
1706867229076 305.8268127441406 256
1706867229115 186.9345703125 256
1706867229154 192.3360595703125 256
1706867229192 218.82569885253906 256
1706867229230 222.764404296875 256
1706867229254 475.9356689453125 256
1706867229322 160.8047332763672 0
1706867229393 177.72401428222656 10
1706867229463 169.18885803222656 20
1706867229532 173.82223510742188 30
1706867229603 79.62108612060547 40
1706867229672 87.8345947265625 50
1706867229743 132.80401611328125 60
1706867229814 142.37713623046875 70
1706867229883 233.735595703125 80
1706867229953 179.37078857421875 90
1706867230022 218.70877075195312 100
1706867230091 142.69293212890625 110
1706867230161 148.302734375 120
1706867230232 197.02523803710938 130
1706867230303 104.11822509765625 140
1706867230373 241.82261657714844 150
1706867230443 122.48017120361328 160
1706867230512 130.26629638671875 170
1706867230581 130.1432342529297 180
1706867230650 136.2584228515625 190
1706867230718 130.03515625 200
1706867230788 97.29045867919922 210
1706867230858 86.31344604492188 220
1706867230928 85.4831771850586 230
1706867230997 169.13999938964844 240
1706867231066 142.9209442138672 250
1706867231137 89.37322998046875 260
1706867231232 141.8302001953125 270
1706867231302 157.56967163085938 280
1706867231371 69.16889953613281 290
1706867231441 194.47726440429688 300
1706867231488 828.261474609375 310
1706867231539 450.09619140625 288
1706867231579 324.89959716796875 288
1706867231620 334.47760009765625 288
1706867231659 76.95854187011719 288
1706867231697 153.5467529296875 288
1706867231736 164.5341033935547 288
1706867231801 415.27001953125 288
1706867231896 243.25563049316406 288
1706867231936 309.771240234375 288
1706867231979 222.14883422851562 288
1706867232019 297.9822692871094 288
1706867232058 232.82464599609375 288
1706867232099 162.40467834472656 288
1706867232137 309.689453125 288
1706867232235 125.33293151855469 288
1706867232275 330.0740966796875 288
1706867232315 273.7901916503906 288
1706867232355 169.66212463378906 288
1706867232395 212.21803283691406 288
1706867232435 214.3770294189453 288
1706867232475 468.70794677734375 288
1706867232571 216.26023864746094 288
1706867232611 217.1419677734375 288
1706867232651 186.21365356445312 288
1706867232691 173.64064025878906 288
1706867232731 116.72856903076172 288
1706867232771 142.7760009765625 288
1706867232811 339.90667724609375 288
1706867232850 262.5326232910156 288
1706867232889 225.42576599121094 288
1706867232929 125.14068603515625 288
1706867232953 411.3402404785156 288
1706867233077 95.1268310546875 0
1706867233157 126.35188293457031 11
1706867233235 179.5738067626953 22
1706867233312 155.77056884765625 33
1706867233386 50.420841217041016 44
1706867233458 84.08958435058594 55
1706867233532 110.35226440429688 66
1706867233601 167.73910522460938 77
1706867233672 138.98072814941406 88
1706867233744 124.32037353515625 99
1706867233814 94.51753234863281 110
1706867233886 89.92337036132812 121
1706867233957 97.85357666015625 132
1706867234027 68.01416778564453 143
1706867234096 76.70564270019531 154
1706867234166 194.90121459960938 165
1706867234236 166.66122436523438 176
1706867234307 49.02934646606445 187
1706867234377 136.8575439453125 198
1706867234445 71.2691421508789 209
1706867234516 96.16656494140625 220
1706867234586 101.05873107910156 231
1706867234657 101.16537475585938 242
1706867234725 69.99153900146484 253
1706867234797 127.34791564941406 264
1706867234866 229.037353515625 275
1706867234937 101.49935150146484 286
1706867235008 140.65362548828125 297
1706867235077 254.95989990234375 308
1706867235148 102.87635803222656 319
1706867235218 161.29031372070312 330
1706867235265 382.39404296875 341
1706867235314 564.8280029296875 320
1706867235354 217.82786560058594 320
1706867235394 211.8337860107422 320
1706867235434 222.1205596923828 320
1706867235473 184.35537719726562 320
1706867235512 283.1115417480469 320
1706867235551 474.0663146972656 320
1706867235590 346.3031005859375 320
1706867235629 277.6676025390625 320
1706867235668 228.26345825195312 320
1706867235707 242.0672607421875 320
1706867235746 258.1299743652344 320
1706867235785 287.22149658203125 320
1706867235823 301.6939697265625 320
1706867235862 164.49803161621094 320
1706867235901 301.55792236328125 320
1706867235940 342.1630554199219 320
1706867235980 201.1421356201172 320
1706867236019 131.3884735107422 320
1706867236057 248.83233642578125 320
1706867236096 317.65374755859375 320
1706867236135 293.4931335449219 320
1706867236174 210.40423583984375 320
1706867236212 240.716552734375 320
1706867236251 237.5905303955078 320
1706867236290 140.6588134765625 320
1706867236329 311.1005859375 320
1706867236368 159.04669189453125 320
1706867236406 176.86544799804688 320
1706867236445 232.68528747558594 320
1706867236484 309.76708984375 320
1706867236508 698.5987548828125 320
1706867236640 175.1544189453125 0
1706867236712 90.63432312011719 12
1706867236783 52.966827392578125 24
1706867236852 115.60880279541016 36
1706867236921 153.7080078125 48
1706867236990 131.52642822265625 60
1706867237059 106.67924499511719 72
1706867237130 93.1436767578125 84
1706867237199 81.10400390625 96
1706867237273 153.31214904785156 108
1706867237345 106.08979034423828 120
1706867237416 114.4769287109375 132
1706867237485 109.64181518554688 144
1706867237554 32.32243347167969 156
1706867237622 52.33486557006836 168
1706867237693 126.91436767578125 180
1706867237761 89.10128784179688 192
1706867237831 113.47648620605469 204
1706867237902 136.686767578125 216
1706867237972 73.38265991210938 228
1706867238041 85.69227600097656 240
1706867238114 81.67460632324219 252
1706867238186 51.61956787109375 264
1706867238259 84.21728515625 276
1706867238329 126.04496765136719 288
1706867238403 52.43391418457031 300
1706867238473 166.95120239257812 312
1706867238543 141.1285858154297 324
1706867238612 61.345088958740234 336
1706867238686 112.01627349853516 348
1706867238757 68.94058227539062 360
1706867238803 207.44931030273438 372
1706867238851 396.26947021484375 352
1706867238892 207.38507080078125 352
1706867238934 217.2586669921875 352
1706867238973 122.38656616210938 352
1706867239013 115.02978515625 352
1706867239053 149.04771423339844 352
1706867239093 382.1805419921875 352
1706867239133 185.6762237548828 352
1706867239174 234.15328979492188 352
1706867239213 115.14585876464844 352
1706867239253 245.89016723632812 352
1706867239292 189.89468383789062 352
1706867239332 153.581787109375 352
1706867239371 267.63458251953125 352
1706867239410 146.2272186279297 352
1706867239450 242.55166625976562 352
1706867239490 264.69390869140625 352
1706867239529 113.20732879638672 352
1706867239569 116.45684814453125 352
1706867239608 177.0515594482422 352
1706867239648 490.2747497558594 352
1706867239687 170.971435546875 352
1706867239727 174.01071166992188 352
1706867239766 166.70596313476562 352
1706867239806 160.38836669921875 352
1706867239845 138.3758544921875 352
1706867239885 209.9051513671875 352
1706867239924 262.1346435546875 352
1706867239964 155.0593719482422 352
1706867240003 199.1119384765625 352
1706867240042 154.24359130859375 352
1706867240067 256.638671875 352
1706867240137 77.34494018554688 0
1706867240210 90.61145782470703 13
1706867240279 76.24141693115234 26
1706867240386 92.75562286376953 39
1706867240488 68.52983856201172 52
1706867240558 49.0124626159668 65
1706867240628 95.45148468017578 78
1706867240697 173.12835693359375 91
1706867240766 74.85397338867188 104
1706867240837 33.134117126464844 117
1706867240907 85.39653015136719 130
1706867240977 61.935001373291016 143
1706867241049 243.46127319335938 156
1706867241119 94.94772338867188 169
1706867241188 176.01141357421875 182
1706867241258 92.97297668457031 195
1706867241328 118.97109985351562 208
1706867241397 199.44610595703125 221
1706867241468 79.30940246582031 234
1706867241537 101.62813568115234 247
1706867241608 82.71260833740234 260
1706867241679 92.45133972167969 273
1706867241747 258.48736572265625 286
1706867241818 86.97233581542969 299
1706867241886 86.5625991821289 312
1706867241956 59.993690490722656 325
1706867242024 121.40840148925781 338
1706867242094 119.69821166992188 351
1706867242164 163.00900268554688 364
1706867242234 157.69149780273438 377
1706867242302 75.91976165771484 390
1706867242349 1098.387939453125 403
1706867242399 245.8883819580078 384
1706867242497 211.77911376953125 384
1706867242538 199.84259033203125 384
1706867242577 159.86785888671875 384
1706867242617 200.3558807373047 384
1706867242658 194.8896484375 384
1706867242699 469.5942077636719 384
1706867242739 188.00787353515625 384
1706867242779 354.7103271484375 384
1706867242819 161.24623107910156 384
1706867242859 219.09494018554688 384
1706867242899 253.40621948242188 384
1706867242939 156.38604736328125 384
1706867242978 369.680419921875 384
1706867243019 118.82225036621094 384
1706867243059 328.5783386230469 384
1706867243099 311.4436340332031 384
1706867243140 181.42628479003906 384
1706867243180 305.3717041015625 384
1706867243220 245.56240844726562 384
1706867243260 457.6180419921875 384
1706867243300 151.94102478027344 384
1706867243340 284.8546142578125 384
1706867243380 155.95962524414062 384
1706867243420 140.19168090820312 384
1706867243460 144.74928283691406 384
1706867243500 196.93443298339844 384
1706867243540 308.5865783691406 384
1706867243580 199.4723358154297 384
1706867243647 155.78981018066406 384
1706867243688 249.40487670898438 384
1706867243712 333.570556640625 384
1706867243787 79.94934844970703 0
1706867243860 81.19465637207031 14
1706867243932 34.448394775390625 28
1706867244004 122.52011108398438 42
1706867244075 42.01201248168945 56
1706867244148 117.14034271240234 70
1706867244220 89.28059387207031 84
1706867244290 73.81219482421875 98
1706867244361 80.00921630859375 112
1706867244433 112.25372314453125 126
1706867244502 102.61235046386719 140
1706867244573 125.79039764404297 154
1706867244644 37.89423370361328 168
1706867244715 36.311031341552734 182
1706867244818 40.14987564086914 196
1706867244888 75.417236328125 210
1706867244960 50.45831298828125 224
1706867245030 145.75674438476562 238
1706867245099 145.9895782470703 252
1706867245169 74.25016784667969 266
1706867245240 50.73230743408203 280
1706867245309 156.14297485351562 294
1706867245379 55.45523452758789 308
1706867245448 47.644371032714844 322
1706867245517 117.90487670898438 336
1706867245586 63.12549591064453 350
1706867245656 124.89923858642578 364
1706867245727 59.94224548339844 378
1706867245797 59.754268646240234 392
1706867245866 65.69070434570312 406
1706867245936 79.07022857666016 420
1706867245982 107.02835845947266 434
1706867246031 421.6787109375 416
1706867246072 133.94100952148438 416
1706867246112 191.37550354003906 416
1706867246152 126.0678482055664 416
1706867246191 120.40853881835938 416
1706867246231 159.24081420898438 416
1706867246272 376.65594482421875 416
1706867246311 186.2557373046875 416
1706867246350 201.4788818359375 416
1706867246389 131.12228393554688 416
1706867246428 218.53060913085938 416
1706867246468 236.90924072265625 416
1706867246507 117.77168273925781 416
1706867246546 306.05035400390625 416
1706867246585 113.86289978027344 416
1706867246624 233.63082885742188 416
1706867246664 279.3955078125 416
1706867246703 119.70484924316406 416
1706867246742 101.46359252929688 416
1706867246781 200.94207763671875 416
1706867246820 422.64776611328125 416
1706867246859 222.6712646484375 416
1706867246899 189.35504150390625 416
1706867246938 133.07247924804688 416
1706867246977 119.34160614013672 416
1706867247016 98.56695556640625 416
1706867247055 203.31304931640625 416
1706867247095 242.49754333496094 416
1706867247134 184.48294067382812 416
1706867247173 180.05259704589844 416
1706867247212 162.7388916015625 416
1706867247236 453.194091796875 416
1706867247313 55.416168212890625 0
1706867247384 112.10676574707031 15
1706867247454 26.451114654541016 30
1706867247527 35.579349517822266 45
1706867247597 47.083709716796875 60
1706867247669 63.655643463134766 75
1706867247740 62.228939056396484 90
1706867247810 75.82109069824219 105
1706867247901 52.204383850097656 120
1706867247972 75.70589447021484 135
1706867248043 83.96070861816406 150
1706867248114 84.30751037597656 165
1706867248185 86.51515197753906 180
1706867248254 173.92483520507812 195
1706867248323 67.12776184082031 210
1706867248393 63.86257553100586 225
1706867248462 80.74614715576172 240
1706867248535 68.7376480102539 255
1706867248606 41.93525695800781 270
1706867248675 44.635169982910156 285
1706867248746 54.29156494140625 300
1706867248815 75.61697387695312 315
1706867248887 43.20756149291992 330
1706867248957 105.60078430175781 345
1706867249028 199.76190185546875 360
1706867249096 51.01811981201172 375
1706867249167 42.10624694824219 390
1706867249237 74.27574157714844 405
1706867249306 83.48700714111328 420
1706867249376 79.42676544189453 435
1706867249446 77.74789428710938 450
1706867249493 378.78363037109375 465
1706867249542 424.29498291015625 448
1706867249582 117.30587768554688 448
1706867249622 160.46124267578125 448
1706867249661 203.37356567382812 448
1706867249700 132.33782958984375 448
1706867249739 194.29421997070312 448
1706867249780 372.8275451660156 448
1706867249819 235.63119506835938 448
1706867249857 266.04345703125 448
1706867249897 174.374755859375 448
1706867249936 177.53707885742188 448
1706867249975 182.32644653320312 448
1706867250015 138.0677490234375 448
1706867250055 292.75311279296875 448
1706867250094 198.75564575195312 448
1706867250133 230.53561401367188 448
1706867250173 241.52923583984375 448
1706867250214 147.7850341796875 448
1706867250252 131.52987670898438 448
1706867250292 237.71298217773438 448
1706867250331 390.6435852050781 448
1706867250370 204.22213745117188 448
1706867250409 180.38555908203125 448
1706867250447 122.068115234375 448
1706867250486 134.59689331054688 448
1706867250525 107.16544342041016 448
1706867250565 224.18121337890625 448
1706867250604 201.76419067382812 448
1706867250733 171.86375427246094 448
1706867250772 137.74407958984375 448
1706867250811 251.7927703857422 448
1706867250834 318.1060791015625 448
1706867250908 99.95808410644531 0
1706867251012 43.84492492675781 16
1706867251115 85.43956756591797 32
1706867251189 93.01280212402344 48
1706867251323 115.02655029296875 64
1706867251396 81.31285858154297 80
1706867251471 101.62846374511719 96
1706867251543 122.91278076171875 112
1706867251617 48.70602798461914 128
1706867251687 45.639591217041016 144
1706867251758 51.92957305908203 160
1706867251827 117.65374755859375 176
1706867251896 44.9937858581543 192
1706867251964 45.05543518066406 208
1706867252035 56.59636688232422 224
1706867252105 31.09014320373535 240
1706867252174 86.69361877441406 256
1706867252244 28.854856491088867 272
1706867252314 40.97173309326172 288
1706867252385 62.37736892700195 304
1706867252455 35.163814544677734 320
1706867252526 58.48765182495117 336
1706867252597 67.39230346679688 352
1706867252666 60.0213623046875 368
1706867252737 48.23164367675781 384
1706867252805 70.71578979492188 400
1706867252876 111.91642761230469 416
1706867252945 28.881641387939453 432
1706867253016 43.01691818237305 448
1706867253090 38.83792495727539 464
1706867253163 44.86157989501953 480
1706867253210 179.6297607421875 496
1706867253260 391.40765380859375 480
1706867253300 144.45193481445312 480
1706867253340 162.93032836914062 480
1706867253379 96.86779022216797 480
1706867253418 94.20169067382812 480
1706867253457 133.95034790039062 480
1706867253497 354.50372314453125 480
1706867253535 162.83184814453125 480
1706867253574 229.6574249267578 480
1706867253613 128.7626190185547 480
1706867253652 184.8961944580078 480
1706867253691 224.38742065429688 480
1706867253729 88.80628967285156 480
1706867253768 330.5255126953125 480
1706867253826 104.48116302490234 480
1706867253865 252.99951171875 480
1706867253904 252.83746337890625 480
1706867253943 116.57241821289062 480
1706867253983 166.043212890625 480
1706867254021 153.59274291992188 480
1706867254060 429.42120361328125 480
1706867254127 179.32852172851562 480
1706867254166 147.92172241210938 480
1706867254235 132.9383087158203 480
1706867254334 160.8343505859375 480
1706867254374 121.04901885986328 480
1706867254415 154.91781616210938 480
1706867254479 288.53021240234375 480
1706867254526 175.18972778320312 480
1706867254566 159.03602600097656 480
1706867254607 147.91510009765625 480
1706867254688 489.7857360839844 480
1706867254763 21.486509323120117 0
1706867254835 101.32254791259766 17
1706867254910 55.52186584472656 34
1706867254985 24.308963775634766 51
1706867255060 88.45384216308594 68
1706867255154 26.854970932006836 85
1706867255227 53.869346618652344 102
1706867255297 73.0445556640625 119
1706867255369 101.4377670288086 136
1706867255442 72.73546600341797 153
1706867255516 37.57154846191406 170
1706867255588 71.70721435546875 187
1706867255658 91.63867950439453 204
1706867255728 64.85142517089844 221
1706867255798 48.42950439453125 238
1706867255867 49.055442810058594 255
1706867255936 35.135494232177734 272
1706867256007 45.28363037109375 289
1706867256076 37.38877487182617 306
1706867256147 121.14779663085938 323
1706867256217 34.32904052734375 340
1706867256293 94.63081359863281 357
1706867256369 42.430519104003906 374
1706867256440 51.08153533935547 391
1706867256510 44.39801025390625 408
1706867256580 52.02632141113281 425
1706867256651 38.510311126708984 442
1706867256721 68.06766510009766 459
1706867256790 80.26146697998047 476
1706867256858 60.814388275146484 493
1706867256927 113.516357421875 510
1706867256974 57.539512634277344 527
1706867257023 561.5794677734375 512
1706867257063 166.5821533203125 512
1706867257102 188.332275390625 512
1706867257142 200.6117706298828 512
1706867257180 157.8278350830078 512
1706867257220 258.6052551269531 512
1706867257261 457.0941162109375 512
1706867257300 239.19668579101562 512
1706867257340 265.6514892578125 512
1706867257380 155.03897094726562 512
1706867257420 168.7612762451172 512
1706867257460 262.10430908203125 512
1706867257500 162.12435913085938 512
1706867257540 365.012939453125 512
1706867257580 127.52516174316406 512
1706867257620 276.7230529785156 512
1706867257659 304.7863464355469 512
1706867257699 168.95254516601562 512
1706867257739 150.31478881835938 512
1706867257779 228.67062377929688 512
1706867257819 329.1544494628906 512
1706867257860 240.08409118652344 512
1706867257900 209.8003692626953 512
1706867257939 175.0386199951172 512
1706867257979 153.36129760742188 512
1706867258019 103.47025299072266 512
1706867258059 264.1468811035156 512
1706867258123 222.94122314453125 512
1706867258163 172.05418395996094 512
1706867258202 159.2812042236328 512
1706867258302 268.56695556640625 512
1706867258326 528.1738891601562 512
1706867258428 101.72299194335938 0
1706867258499 43.96620178222656 18
1706867258569 33.67387008666992 36
1706867258641 111.05912780761719 54
1706867258712 54.5331916809082 72
1706867258786 56.195709228515625 90
1706867258857 57.58597183227539 108
1706867258928 38.2244758605957 126
1706867258999 36.04538345336914 144
1706867259096 57.44136047363281 162
1706867259167 60.23624038696289 180
1706867259236 45.88264083862305 198
1706867259305 138.38442993164062 216
1706867259376 41.740333557128906 234
1706867259445 42.131996154785156 252
1706867259515 18.454153060913086 270
1706867259584 46.11316680908203 288
1706867259658 34.55747985839844 306
1706867259731 65.79801940917969 324
1706867259800 72.8291244506836 342
1706867259871 29.509265899658203 360
1706867259942 80.12788391113281 378
1706867260015 28.926712036132812 396
1706867260087 50.586158752441406 414
1706867260158 45.36925506591797 432
1706867260228 85.77568054199219 450
1706867260322 67.30531311035156 468
1706867260393 119.89898681640625 486
1706867260463 56.08100128173828 504
1706867260535 67.72242736816406 522
1706867260606 53.652767181396484 540
1706867260651 36.25135803222656 558
1706867260699 373.53350830078125 544
1706867260740 145.834228515625 544
1706867260780 129.94747924804688 544
1706867260819 134.09739685058594 544
1706867260859 152.10531616210938 544
1706867260898 170.15313720703125 544
1706867260938 416.1809387207031 544
1706867260979 235.3774871826172 544
1706867261018 227.75416564941406 544
1706867261057 152.71072387695312 544
1706867261096 173.33554077148438 544
1706867261136 161.9117431640625 544
1706867261175 186.12417602539062 544
1706867261214 301.2230224609375 544
1706867261253 112.38006591796875 544
1706867261292 164.52847290039062 544
1706867261331 325.0987548828125 544
1706867261370 140.923095703125 544
1706867261410 119.87442016601562 544
1706867261449 189.0235595703125 544
1706867261488 409.277587890625 544
1706867261527 179.86270141601562 544
1706867261567 186.20571899414062 544
1706867261608 155.76751708984375 544
1706867261647 158.0216064453125 544
1706867261686 105.94229125976562 544
1706867261725 241.86196899414062 544
1706867261765 170.8003387451172 544
1706867261804 122.69099426269531 544
1706867261843 103.6219711303711 544
1706867261882 167.40512084960938 544
1706867261905 456.279541015625 544
1706867262029 55.61834716796875 0
1706867262101 48.67599868774414 19
1706867262173 48.1402587890625 38
1706867262244 56.319618225097656 57
1706867262314 45.90729522705078 76
1706867262383 27.510826110839844 95
1706867262454 59.66632080078125 114
1706867262523 11.217584609985352 133
1706867262592 81.13311767578125 152
1706867262662 22.886188507080078 171
1706867262731 31.230640411376953 190
1706867262800 100.93150329589844 209
1706867262870 65.5031967163086 228
1706867262939 24.825092315673828 247
1706867263009 42.9969367980957 266
1706867263078 37.13166046142578 285
1706867263206 85.123291015625 304
1706867263314 24.583080291748047 323
1706867263383 67.05195617675781 342
1706867263452 37.19293212890625 361
1706867263522 32.28912353515625 380
1706867263594 56.56022644042969 399
1706867263663 41.03863525390625 418
1706867263733 47.099822998046875 437
1706867263802 45.24132537841797 456
1706867263871 25.774288177490234 475
1706867263941 31.688243865966797 494
1706867264010 110.49745178222656 513
1706867264078 52.45060348510742 532
1706867264147 24.904308319091797 551
1706867264217 19.184219360351562 570
1706867264262 32.15782928466797 589
1706867264311 412.50579833984375 576
1706867264352 150.15798950195312 576
1706867264392 143.56915283203125 576
1706867264458 143.71737670898438 576
1706867264497 152.9024658203125 576
1706867264536 210.78855895996094 576
1706867264576 441.97564697265625 576
1706867264615 192.60043334960938 576
1706867264655 229.49765014648438 576
1706867264694 134.6221160888672 576
1706867264733 177.59408569335938 576
1706867264771 212.25192260742188 576
1706867264810 133.6676025390625 576
1706867264851 303.6553649902344 576
1706867264891 91.77204895019531 576
1706867264932 239.29420471191406 576
1706867264971 272.31976318359375 576
1706867265010 129.3223876953125 576
1706867265049 134.8896484375 576
1706867265088 187.6334228515625 576
1706867265127 303.6390075683594 576
1706867265167 177.9391326904297 576
1706867265207 185.6621856689453 576
1706867265246 151.0081787109375 576
1706867265286 122.40581512451172 576
1706867265325 136.1073455810547 576
1706867265364 216.0332794189453 576
1706867265403 254.67404174804688 576
1706867265442 161.80511474609375 576
1706867265482 121.6479263305664 576
1706867265522 226.1292724609375 576
1706867265545 579.3598022460938 576
1706867265617 67.53878784179688 0
1706867265687 62.86640167236328 20
1706867265759 52.644779205322266 40
1706867265830 120.42396545410156 60
1706867265898 85.14761352539062 80
1706867265969 89.27104187011719 100
1706867266038 46.25559616088867 120
1706867266107 40.120582580566406 140
1706867266201 61.52272033691406 160
1706867266269 47.335296630859375 180
1706867266339 46.10749435424805 200
1706867266407 52.55098342895508 220
1706867266476 44.11605453491211 240
1706867266544 17.538740158081055 260
1706867266613 71.429443359375 280
1706867266682 74.75926208496094 300
1706867266751 40.42658615112305 320
1706867266821 123.37271881103516 340
1706867266890 33.75315856933594 360
1706867266960 74.20684814453125 380
1706867267029 61.17744445800781 400
1706867267102 49.74955749511719 420
1706867267173 25.100582122802734 440
1706867267244 136.5133819580078 460
1706867267313 56.28288269042969 480
1706867267381 74.07463836669922 500
1706867267451 32.65513229370117 520
1706867267520 86.36201477050781 540
1706867267590 25.953685760498047 560
1706867267660 33.52777099609375 580
1706867267730 126.8674545288086 600
1706867267775 240.07208251953125 620
1706867267823 369.32464599609375 608
1706867267892 141.04148864746094 608
1706867267933 174.0025634765625 608
1706867267973 126.07734680175781 608
1706867268012 113.56767272949219 608
1706867268053 185.0001678466797 608
1706867268093 393.771240234375 608
1706867268166 195.77493286132812 608
1706867268207 237.2165985107422 608
1706867268248 138.53152465820312 608
1706867268288 169.3643798828125 608
1706867268332 162.6461181640625 608
1706867268394 122.87210845947266 608
1706867268434 298.174560546875 608
1706867268474 112.80226135253906 608
1706867268513 214.0539093017578 608
1706867268552 276.17938232421875 608
1706867268592 105.4253158569336 608
1706867268632 113.57475280761719 608
1706867268671 171.70864868164062 608
1706867268712 355.44024658203125 608
1706867268752 166.6023406982422 608
1706867268801 136.32464599609375 608
1706867268841 154.90171813964844 608
1706867268880 140.39686584472656 608
1706867268920 127.36839294433594 608
1706867268960 185.00848388671875 608
1706867269000 191.87893676757812 608
1706867269039 145.25567626953125 608
1706867269081 168.86563110351562 608
1706867269120 191.8655242919922 608
1706867269144 462.04583740234375 608
1706867269239 19.91455078125 0
1706867269309 16.60327911376953 21
1706867269382 12.922712326049805 42
1706867269478 78.92408752441406 63
1706867269548 38.12895202636719 84
1706867269619 21.084598541259766 105
1706867269689 92.02898406982422 126
1706867269760 46.68587875366211 147
1706867269830 30.116191864013672 168
1706867269903 86.10680389404297 189
1706867269973 42.635616302490234 210
1706867270045 21.842304229736328 231
1706867270114 63.932525634765625 252
1706867270184 19.669504165649414 273
1706867270254 22.961702346801758 294
1706867270323 22.694557189941406 315
1706867270392 31.156253814697266 336
1706867270463 19.323877334594727 357
1706867270534 45.908241271972656 378
1706867270604 44.87794876098633 399
1706867270674 27.284412384033203 420
1706867270747 128.60438537597656 441
1706867270820 34.82862091064453 462
1706867270889 37.73564910888672 483
1706867270958 29.32015037536621 504
1706867271027 26.13283920288086 525
1706867271100 53.5106201171875 546
1706867271171 24.863033294677734 567
1706867271241 73.818115234375 588
1706867271312 47.76554489135742 609
1706867271382 20.292160034179688 630
1706867271429 100.60994720458984 651
1706867271478 394.1947021484375 640
1706867271518 143.8259735107422 640
1706867271559 144.1488800048828 640
1706867271598 133.4772186279297 640
1706867271636 132.51641845703125 640
1706867271676 186.9075927734375 640
1706867271716 437.77178955078125 640
1706867271755 240.82113647460938 640
1706867271794 252.06130981445312 640
1706867271833 155.25662231445312 640
1706867271872 153.74073791503906 640
1706867271910 173.20651245117188 640
1706867271949 155.90969848632812 640
1706867271988 270.05682373046875 640
1706867272027 110.73381805419922 640
1706867272066 204.0004119873047 640
1706867272105 291.6374206542969 640
1706867272144 149.8341064453125 640
1706867272189 124.64964294433594 640
1706867272228 169.72535705566406 640
1706867272267 363.5323486328125 640
1706867272306 170.8722381591797 640
1706867272349 188.07183837890625 640
1706867272387 158.6933135986328 640
1706867272427 137.78857421875 640
1706867272466 144.69708251953125 640
1706867272562 213.28944396972656 640
1706867272602 186.05523681640625 640
1706867272648 134.5845489501953 640
1706867272688 128.29006958007812 640
1706867272727 191.53948974609375 640
1706867272751 568.9478759765625 640
1706867272852 13.329366683959961 0
1706867272923 22.538734436035156 22
1706867272995 28.53168487548828 44
1706867273065 25.55972671508789 66
1706867273136 22.06239128112793 88
1706867273208 27.426725387573242 110
1706867273280 50.256507873535156 132
1706867273351 41.43048858642578 154
1706867273422 53.53746032714844 176
1706867273493 95.44650268554688 198
1706867273565 35.734012603759766 220
1706867273636 42.95025634765625 242
1706867273706 70.61433410644531 264
1706867273777 40.55821228027344 286
1706867273848 44.87079620361328 308
1706867273918 21.023210525512695 330
1706867273987 11.134477615356445 352
1706867274058 55.57374572753906 374
1706867274127 22.32975959777832 396
1706867274196 32.5567626953125 418
1706867274266 26.36126708984375 440
1706867274337 61.71353530883789 462
1706867274408 24.069904327392578 484
1706867274480 109.53721618652344 506
1706867274550 31.74204444885254 528
1706867274621 26.528133392333984 550
1706867274692 19.77516746520996 572
1706867274762 48.74188995361328 594
1706867274834 20.744094848632812 616
1706867274904 19.021526336669922 638
1706867274975 50.4702262878418 660
1706867275023 67.279296875 682
1706867275072 400.0532531738281 672
1706867275112 166.1883544921875 672
1706867275153 193.03604125976562 672
1706867275191 96.229736328125 672
1706867275229 91.02069854736328 672
1706867275268 172.81948852539062 672
1706867275307 444.4777526855469 672
1706867275346 162.12033081054688 672
1706867275385 321.73602294921875 672
1706867275424 147.26385498046875 672
1706867275463 189.69000244140625 672
1706867275501 203.8883056640625 672
1706867275540 110.66877746582031 672
1706867275578 303.53289794921875 672
1706867275617 125.0153579711914 672
1706867275657 175.4364013671875 672
1706867275696 270.015869140625 672
1706867275735 92.56938171386719 672
1706867275773 153.6326141357422 672
1706867275812 182.913818359375 672
1706867275850 436.92919921875 672
1706867275890 193.45458984375 672
1706867275928 131.5265350341797 672
1706867275967 170.38790893554688 672
1706867276005 122.58209228515625 672
1706867276043 149.43331909179688 672
1706867276081 158.88650512695312 672
1706867276120 254.04930114746094 672
1706867276158 152.57505798339844 672
1706867276197 183.3535614013672 672
1706867276236 149.2532958984375 672
1706867276260 455.113037109375 672
1706867276330 33.142276763916016 0
1706867276402 44.32331466674805 23
1706867276474 29.360536575317383 46
1706867276548 50.63408279418945 69
1706867276617 47.93592834472656 92
1706867276689 26.114538192749023 115
1706867276759 17.54363250732422 138
1706867276854 18.635833740234375 161
1706867276926 37.073463439941406 184
1706867276996 29.487985610961914 207
1706867277066 19.572261810302734 230
1706867277135 41.85879135131836 253
1706867277207 48.94707107543945 276
1706867277278 76.19773864746094 299
1706867277350 22.13895606994629 322
1706867277421 11.19793701171875 345
1706867277493 86.45547485351562 368
1706867277563 10.02619457244873 391
1706867277637 29.72222328186035 414
1706867277707 38.03458786010742 437
1706867277778 32.66676330566406 460
1706867277847 36.3334846496582 483
1706867277916 39.988441467285156 506
1706867277985 26.730619430541992 529
1706867278054 20.13999366760254 552
1706867278124 167.21157836914062 575
1706867278194 23.669612884521484 598
1706867278265 14.807621955871582 621
1706867278333 28.123065948486328 644
1706867278402 21.930585861206055 667
1706867278472 51.256431579589844 690
1706867278519 36.32667541503906 713
1706867278564 369.0445861816406 704
1706867278605 133.27291870117188 704
1706867278646 165.18875122070312 704
1706867278686 70.56382751464844 704
1706867278726 130.431640625 704
1706867278765 133.5460205078125 704
1706867278806 403.5700378417969 704
1706867278847 170.10012817382812 704
1706867278886 233.44073486328125 704
1706867278929 153.69479370117188 704
1706867278968 159.6383819580078 704
1706867279008 182.1121368408203 704
1706867279047 94.04012298583984 704
1706867279086 294.8136291503906 704
1706867279125 109.59504699707031 704
1706867279166 194.06521606445312 704
1706867279207 240.45596313476562 704
1706867279246 96.51175689697266 704
1706867279286 123.11665344238281 704
1706867279326 151.11337280273438 704
1706867279365 396.18121337890625 704
1706867279405 173.34059143066406 704
1706867279445 158.30026245117188 704
1706867279484 150.4607391357422 704
1706867279524 132.6477813720703 704
1706867279563 133.89964294433594 704
1706867279602 151.71331787109375 704
1706867279641 226.75413513183594 704
1706867279680 156.1827392578125 704
1706867279720 155.10699462890625 704
1706867279759 135.88482666015625 704
1706867279783 409.2008056640625 704
1706867279856 47.95261764526367 0
1706867279927 21.495798110961914 24
1706867279998 11.583250045776367 48
1706867280069 37.00907897949219 72
1706867280140 21.829442977905273 96
1706867280214 18.36707305908203 120
1706867280289 26.947246551513672 144
1706867280360 28.008251190185547 168
1706867280430 12.293229103088379 192
1706867280500 21.790306091308594 216
1706867280568 31.138471603393555 240
1706867280637 25.23941421508789 264
1706867280709 29.046693801879883 288
1706867280778 49.502708435058594 312
1706867280848 26.712787628173828 336
1706867280917 22.450515747070312 360
1706867280987 51.07465744018555 384
1706867281057 67.12613677978516 408
1706867281127 64.96121215820312 432
1706867281197 43.866798400878906 456
1706867281266 28.928104400634766 480
1706867281334 20.67687225341797 504
1706867281404 56.700653076171875 528
1706867281476 34.615108489990234 552
1706867281573 31.461963653564453 576
1706867281698 29.587385177612305 600
1706867281766 28.935108184814453 624
1706867281900 85.10050201416016 648
1706867281975 28.91259765625 672
1706867282068 31.91133689880371 696
1706867282165 25.546031951904297 720
1706867282212 150.4281005859375 744
1706867282263 428.25018310546875 736
1706867282304 153.9609375 736
1706867282345 143.36932373046875 736
1706867282386 119.35206604003906 736
1706867282425 112.043212890625 736
1706867282465 165.3028564453125 736
1706867282506 359.94671630859375 736
1706867282546 232.49642944335938 736
1706867282585 209.75852966308594 736
1706867282625 158.89163208007812 736
1706867282665 177.00686645507812 736
1706867282705 151.66163635253906 736
1706867282745 118.40786743164062 736
1706867282784 259.4550476074219 736
1706867282824 133.742919921875 736
1706867282864 172.399658203125 736
1706867282903 226.73782348632812 736
1706867282943 101.71697998046875 736
1706867282983 141.72044372558594 736
1706867283023 164.3038330078125 736
1706867283062 371.4940185546875 736
1706867283102 140.5245819091797 736
1706867283141 164.40646362304688 736
1706867283181 147.80551147460938 736
1706867283221 107.44287109375 736
1706867283262 125.53067016601562 736
1706867283302 167.76156616210938 736
1706867283342 208.2125244140625 736
1706867283382 123.74492645263672 736
1706867283422 114.7038803100586 736
1706867283463 125.29195404052734 736
1706867283486 344.4449768066406 736
1706867283588 45.5101203918457 0
1706867283665 17.31252670288086 25
1706867283742 26.067562103271484 50
1706867283818 54.60154724121094 75
1706867283888 82.52992248535156 100
1706867283983 34.96305847167969 125
1706867284090 29.206809997558594 150
1706867284162 10.147591590881348 175
1706867284231 50.00220489501953 200
1706867284301 53.75572204589844 225
1706867284372 36.58953857421875 250
1706867284441 32.47660827636719 275
1706867284512 92.72736358642578 300
1706867284608 41.69752502441406 325
1706867284678 65.71873474121094 350
1706867284747 19.929595947265625 375
1706867284818 16.842334747314453 400
1706867284887 73.17361450195312 425
1706867284955 28.544696807861328 450
1706867285024 39.885215759277344 475
1706867285092 61.54865264892578 500
1706867285164 24.957983016967773 525
1706867285234 13.927286148071289 550
1706867285303 33.0919189453125 575
1706867285372 11.338434219360352 600
1706867285442 34.34389114379883 625
1706867285512 34.858795166015625 650
1706867285581 28.91851043701172 675
1706867285650 34.30448532104492 700
1706867285718 79.47593688964844 725
1706867285788 25.2440128326416 750
1706867285833 45.989295959472656 775
1706867285883 370.40972900390625 768
1706867285922 125.74050903320312 768
1706867285962 147.3791961669922 768
1706867286001 117.19865417480469 768
1706867286040 124.20744323730469 768
1706867286079 181.66172790527344 768
1706867286119 341.77587890625 768
1706867286160 183.8623809814453 768
1706867286200 213.10427856445312 768
1706867286239 151.23471069335938 768
1706867286278 131.33653259277344 768
1706867286317 146.01080322265625 768
1706867286356 111.85076904296875 768
1706867286395 251.11038208007812 768
1706867286434 105.2989501953125 768
1706867286472 169.48577880859375 768
1706867286512 250.40274047851562 768
1706867286551 107.33183288574219 768
1706867286590 129.97625732421875 768
1706867286629 162.41925048828125 768
1706867286668 387.2205810546875 768
1706867286707 169.29507446289062 768
1706867286746 150.1380157470703 768
1706867286785 153.6890869140625 768
1706867286824 137.69847106933594 768
1706867286863 126.91703796386719 768
1706867286902 192.36813354492188 768
1706867286941 166.06887817382812 768
1706867286981 152.0545654296875 768
1706867287019 129.69482421875 768
1706867287059 126.21033477783203 768
1706867287083 215.88763427734375 768
1706867287154 26.13580322265625 0
1706867287224 18.58788299560547 26
1706867287294 94.7345962524414 52
1706867287364 17.877561569213867 78
1706867287433 52.97407531738281 104
1706867287502 24.793338775634766 130
1706867287573 49.35847473144531 156
1706867287646 22.526676177978516 182
1706867287714 25.833810806274414 208
1706867287785 50.167510986328125 234
1706867287854 55.24365234375 260
1706867287923 41.52867126464844 286
1706867287992 16.108497619628906 312
1706867288063 41.71921157836914 338
1706867288134 25.28264045715332 364
1706867288204 106.10917663574219 390
1706867288274 21.148658752441406 416
1706867288342 143.67105102539062 442
1706867288411 56.564640045166016 468
1706867288479 91.09906005859375 494
1706867288549 31.26300048828125 520
1706867288676 42.49589538574219 546
1706867288747 22.830968856811523 572
1706867288817 40.53633117675781 598
1706867288887 22.597850799560547 624
1706867288957 34.08219528198242 650
1706867289028 13.621435165405273 676
1706867289098 44.13468933105469 702
1706867289170 30.001792907714844 728
1706867289242 35.229026794433594 754
1706867289313 50.29141616821289 780
1706867289359 95.46697998046875 806
1706867289408 464.2321472167969 800
1706867289448 138.18209838867188 800
1706867289488 191.13018798828125 800
1706867289527 122.97329711914062 800
1706867289566 95.69206237792969 800
1706867289605 128.2987060546875 800
1706867289645 389.5251159667969 800
1706867289683 208.5782012939453 800
1706867289722 193.86129760742188 800
1706867289763 165.01416015625 800
1706867289802 163.51666259765625 800
1706867289841 181.1060028076172 800
1706867289879 130.03492736816406 800
1706867289918 287.5301513671875 800
1706867289957 129.56565856933594 800
1706867289997 200.882568359375 800
1706867290035 256.4412841796875 800
1706867290074 95.60832214355469 800
1706867290113 123.2027359008789 800
1706867290152 175.4150390625 800
1706867290190 382.34442138671875 800
1706867290229 155.64999389648438 800
1706867290268 134.98214721679688 800
1706867290306 140.68905639648438 800
1706867290345 124.94681549072266 800
1706867290384 169.13406372070312 800
1706867290423 212.01010131835938 800
1706867290462 184.50094604492188 800
1706867290501 128.95826721191406 800
1706867290539 142.88876342773438 800
1706867290578 152.83285522460938 800
1706867290606 152.77442932128906 800
1706867290677 32.09965515136719 0
1706867290749 65.6805419921875 27
1706867290822 37.15473937988281 54
1706867290894 44.136871337890625 81
1706867290964 16.13571548461914 108
1706867291034 36.08230972290039 135
1706867291105 43.415470123291016 162
1706867291176 50.910972595214844 189
1706867291245 21.182353973388672 216
1706867291316 21.168684005737305 243
1706867291386 16.880447387695312 270
1706867291457 10.363763809204102 297
1706867291525 20.709693908691406 324
1706867291595 74.62141418457031 351
1706867291665 20.708105087280273 378
1706867291734 23.28976821899414 405
1706867291806 50.17193603515625 432
1706867291875 46.28575897216797 459
1706867291945 87.90583801269531 486
1706867292015 80.04898834228516 513
1706867292085 121.18689727783203 540
1706867292154 44.99973678588867 567
1706867292224 24.651683807373047 594
1706867292295 41.503562927246094 621
1706867292366 17.202314376831055 648
1706867292436 23.58712387084961 675
1706867292504 34.57990646362305 702
1706867292575 10.605424880981445 729
1706867292645 44.65802764892578 756
1706867292715 36.119163513183594 783
1706867292784 43.09067916870117 810
1706867292830 103.0375747680664 837
1706867292875 314.9053955078125 832
1706867292914 129.59359741210938 832
1706867292952 166.48208618164062 832
1706867292990 121.0978775024414 832
1706867293029 126.41712951660156 832
1706867293068 169.783935546875 832
1706867293106 379.901611328125 832
1706867293146 180.53262329101562 832
1706867293184 237.72305297851562 832
1706867293222 158.81959533691406 832
1706867293262 157.57125854492188 832
1706867293300 184.43704223632812 832
1706867293339 119.96261596679688 832
1706867293377 299.886962890625 832
1706867293416 108.5152587890625 832
1706867293454 170.8419189453125 832
1706867293493 242.38861083984375 832
1706867293531 128.82373046875 832
1706867293569 114.17231750488281 832
1706867293608 201.90579223632812 832
1706867293646 367.860107421875 832
1706867293684 139.11550903320312 832
1706867293723 177.29367065429688 832
1706867293761 136.9533233642578 832
1706867293800 127.41073608398438 832
1706867293840 112.97137451171875 832
1706867293879 168.16134643554688 832
1706867293917 186.9657745361328 832
1706867293956 175.19989013671875 832
1706867293994 150.32254028320312 832
1706867294033 158.3256378173828 832
1706867294056 360.56402587890625 832
1706867294128 19.845561981201172 0
1706867294202 31.34225845336914 28
1706867294272 31.50577163696289 56
1706867294341 13.280550003051758 84
1706867294409 96.02066802978516 112
1706867294480 31.35247230529785 140
1706867294552 19.267457962036133 168
1706867294622 25.24795150756836 196
1706867294693 52.16534423828125 224
1706867294764 13.243350982666016 252
1706867294834 12.778495788574219 280
1706867294904 122.74849700927734 308
1706867294973 141.3877410888672 336
1706867295043 26.54285430908203 364
1706867295112 108.46806335449219 392
1706867295181 23.14325714111328 420
1706867295252 25.013168334960938 448
1706867295321 44.964168548583984 476
1706867295391 36.34661102294922 504
1706867295462 39.262603759765625 532
1706867295532 32.770626068115234 560
1706867295602 17.915340423583984 588
1706867295673 64.61424255371094 616
1706867295745 25.366443634033203 644
1706867295815 12.901077270507812 672
1706867295884 11.886104583740234 700
1706867295954 74.45599365234375 728
1706867296024 40.02326965332031 756
1706867296094 18.928264617919922 784
1706867296164 34.55392074584961 812
1706867296235 38.922489166259766 840
1706867296281 147.66705322265625 868
1706867296329 327.7735290527344 864
1706867296369 126.40289306640625 864
1706867296408 222.64987182617188 864
1706867296446 104.68800354003906 864
1706867296485 133.71832275390625 864
1706867296523 158.426025390625 864
1706867296562 441.12969970703125 864
1706867296600 135.9773406982422 864
1706867296639 214.38034057617188 864
1706867296677 168.09292602539062 864
1706867296715 162.21841430664062 864
1706867296754 185.0325164794922 864
1706867296792 109.1583480834961 864
1706867296830 265.4754638671875 864
1706867296869 109.8724365234375 864
1706867296907 158.29525756835938 864
1706867296945 239.77842712402344 864
1706867296983 87.45658874511719 864
1706867297021 110.41960906982422 864
1706867297060 191.5921630859375 864
1706867297098 401.95513916015625 864
1706867297136 212.1977081298828 864
1706867297174 96.58799743652344 864
1706867297212 145.4837646484375 864
1706867297250 145.2779541015625 864
1706867297288 120.277099609375 864
1706867297326 168.133544921875 864
1706867297365 160.5177001953125 864
1706867297403 146.16152954101562 864
1706867297442 152.7036895751953 864
1706867297480 140.65943908691406 864
1706867297503 345.70855712890625 864
1706867297603 17.15081787109375 0
1706867297674 29.216676712036133 29
1706867297746 41.115516662597656 58
1706867297817 19.446517944335938 87
1706867297887 35.802574157714844 116
1706867297957 16.031841278076172 145
1706867298028 33.816162109375 174
1706867298100 24.39273452758789 203
1706867298169 39.39262771606445 232
1706867298239 13.225561141967773 261
1706867298308 61.50132751464844 290
1706867298378 73.71326446533203 319
1706867298448 29.471431732177734 348
1706867298519 49.524105072021484 377
1706867298591 26.629533767700195 406
1706867298661 19.044551849365234 435
1706867298732 20.29974937438965 464
1706867298804 44.67169189453125 493
1706867298875 33.925743103027344 522
1706867298944 18.965103149414062 551
1706867299015 73.6160888671875 580
1706867299084 13.160962104797363 609
1706867299155 69.98554229736328 638
1706867299225 37.06031799316406 667
1706867299296 126.53874206542969 696
1706867299367 30.899517059326172 725
1706867299436 34.00189208984375 754
1706867299509 103.46422576904297 783
1706867299581 40.67732620239258 812
1706867299651 15.847845077514648 841
1706867299722 66.57599639892578 870
1706867299768 36.62847137451172 899
1706867299816 356.26287841796875 896
1706867299855 184.6699981689453 896
1706867299895 185.45758056640625 896
1706867299933 57.93303298950195 896
1706867299972 120.53080749511719 896
1706867300010 147.81082153320312 896
1706867300049 373.86175537109375 896
1706867300088 168.64395141601562 896
1706867300126 261.5478515625 896
1706867300165 137.73590087890625 896
1706867300204 183.43222045898438 896
1706867300242 195.50680541992188 896
1706867300281 116.57887268066406 896
1706867300319 294.29815673828125 896
1706867300358 104.76243591308594 896
1706867300397 192.3058319091797 896
1706867300435 302.0531005859375 896
1706867300474 98.61836242675781 896
1706867300513 131.03253173828125 896
1706867300551 164.94967651367188 896
1706867300589 454.5157165527344 896
1706867300627 134.4797821044922 896
1706867300667 121.18307495117188 896
1706867300706 139.44766235351562 896
1706867300745 132.68728637695312 896
1706867300784 233.92124938964844 896
1706867300822 148.73629760742188 896
1706867300861 206.819580078125 896
1706867300899 186.25791931152344 896
1706867300937 199.11300659179688 896
1706867300976 187.3671875 896
1706867301000 273.0697021484375 896
1706867301073 24.199857711791992 0
1706867301144 48.449188232421875 30
1706867301215 28.763072967529297 60
1706867301284 22.433982849121094 90
1706867301353 119.80437469482422 120
1706867301423 41.01555633544922 150
1706867301493 15.002411842346191 180
1706867301563 74.63702392578125 210
1706867301635 20.776430130004883 240
1706867301705 54.09320831298828 270
1706867301775 89.14318084716797 300
1706867301846 39.84038543701172 330
1706867301915 114.84417724609375 360
1706867301984 112.73975372314453 390
1706867302054 62.56821823120117 420
1706867302124 18.031639099121094 450
1706867302195 22.856800079345703 480
1706867302266 23.774459838867188 510
1706867302337 23.610309600830078 540
1706867302408 25.91925811767578 570
1706867302477 48.139556884765625 600
1706867302549 43.81321716308594 630
1706867302619 22.61751937866211 660
1706867302690 25.754894256591797 690
1706867302760 32.40231704711914 720
1706867302833 45.14722442626953 750
1706867302903 18.738075256347656 780
1706867302972 24.74196434020996 810
1706867303043 37.48203659057617 840
1706867303113 25.00494956970215 870
1706867303182 33.261131286621094 900
1706867303229 70.11164855957031 930
1706867303277 354.3948669433594 928
1706867303317 134.72462463378906 928
1706867303356 194.99661254882812 928
1706867303395 58.85285949707031 928
1706867303434 112.17466735839844 928
1706867303472 125.45640563964844 928
1706867303510 368.20465087890625 928
1706867303549 134.36190795898438 928
1706867303588 232.6949005126953 928
1706867303626 154.60403442382812 928
1706867303666 201.69424438476562 928
1706867303704 151.727294921875 928
1706867303743 98.63197326660156 928
1706867303781 269.51483154296875 928
1706867303820 94.37066650390625 928
1706867303859 188.58792114257812 928
1706867303897 231.32801818847656 928
1706867303935 95.03337860107422 928
1706867303974 107.07896423339844 928
1706867304012 202.62391662597656 928
1706867304050 387.3830871582031 928
1706867304089 140.912109375 928
1706867304127 113.8005599975586 928
1706867304166 149.5286865234375 928
1706867304204 165.91546630859375 928
1706867304244 157.51937866210938 928
1706867304282 149.51156616210938 928
1706867304321 215.38287353515625 928
1706867304359 177.50733947753906 928
1706867304397 180.91506958007812 928
1706867304436 151.449951171875 928
1706867304460 400.9649963378906 928
