1706867198028 1282.082275390625 0
1706867198114 941.39306640625 1
1706867198198 1079.649658203125 2
1706867198272 1503.63134765625 3
1706867198349 1053.6754150390625 4
1706867198421 1278.845947265625 5
1706867198492 1012.7470703125 6
1706867198563 1587.23583984375 7
1706867198632 1546.261474609375 8
1706867198701 1203.2080078125 9
1706867198772 1724.7060546875 10
1706867198841 1251.6683349609375 11
1706867198911 1550.1419677734375 12
1706867198981 1529.1492919921875 13
1706867199051 1455.291748046875 14
1706867199121 1360.0048828125 15
1706867199190 1880.14697265625 16
1706867199259 960.8211059570312 17
1706867199329 1427.056884765625 18
1706867199397 1326.0810546875 19
1706867199465 1308.52197265625 20
1706867199535 1138.7633056640625 21
1706867199604 1297.5771484375 22
1706867199672 1131.151123046875 23
1706867199743 1264.4515380859375 24
1706867199812 1416.856689453125 25
1706867199881 1714.8438720703125 26
1706867199951 773.854248046875 27
1706867200021 1354.93359375 28
1706867200091 1345.41162109375 29
1706867200162 983.1845092773438 30
1706867200292 1629.0467529296875 31
1706867201639 1067.13232421875 0
1706867201709 748.3895263671875 2
1706867201780 1100.376220703125 4
1706867201848 626.737548828125 6
1706867201917 652.0518798828125 8
1706867201986 1033.197021484375 10
1706867202056 980.8717041015625 12
1706867202124 771.1804809570312 14
1706867202193 828.3286743164062 16
1706867202263 1284.56494140625 18
1706867202331 672.121826171875 20
1706867202400 553.0601806640625 22
1706867202468 712.2551879882812 24
1706867202537 737.476318359375 26
1706867202606 1014.1571655273438 28
1706867202676 702.7759399414062 30
1706867202744 874.1861572265625 32
1706867202819 1382.219970703125 34
1706867202888 802.905029296875 36
1706867202960 1059.816162109375 38
1706867203029 935.0227661132812 40
1706867203099 950.2450561523438 42
1706867203167 825.7362060546875 44
1706867203236 551.5678100585938 46
1706867203306 752.7027587890625 48
1706867203375 767.5299072265625 50
1706867203444 782.6800537109375 52
1706867203514 584.3052978515625 54
1706867203583 568.1710815429688 56
1706867203653 800.4122924804688 58
1706867203722 688.0755615234375 60
1706867203768 962.4515380859375 62
1706867205095 557.96435546875 0
1706867205164 771.7913208007812 3
1706867205236 425.0140380859375 6
1706867205307 667.8364868164062 9
1706867205378 749.9907836914062 12
1706867205447 572.4383544921875 15
1706867205517 554.6396484375 18
1706867205587 639.720703125 21
1706867205656 316.0447692871094 24
1706867205724 622.465087890625 27
1706867205794 477.9065856933594 30
1706867205863 928.3243408203125 33
1706867205933 493.1474609375 36
1706867206002 537.7017822265625 39
1706867206073 568.4635009765625 42
1706867206141 420.64337158203125 45
1706867206212 522.2247924804688 48
1706867206283 590.743408203125 51
1706867206354 209.91299438476562 54
1706867206422 397.20465087890625 57
1706867206492 465.71502685546875 60
1706867206561 496.313720703125 63
1706867206629 327.49468994140625 66
1706867206699 516.71044921875 69
1706867206769 388.9699401855469 72
1706867206839 430.2034912109375 75
1706867206908 341.4806823730469 78
1706867206978 347.7273254394531 81
1706867207047 418.0712890625 84
1706867207118 306.80816650390625 87
1706867207188 344.5458679199219 90
1706867207233 406.2928466796875 93
1706867208532 289.20208740234375 0
1706867208601 260.60198974609375 4
1706867208671 392.96844482421875 8
1706867208740 408.2193908691406 12
1706867208810 410.32025146484375 16
1706867208878 310.45416259765625 20
1706867208946 348.7247619628906 24
1706867209016 206.55105590820312 28
1706867209084 383.59222412109375 32
1706867209156 435.4776916503906 36
1706867209225 489.60467529296875 40
1706867209295 279.1046142578125 44
1706867209362 704.8309326171875 48
1706867209431 397.4674377441406 52
1706867209499 474.1744384765625 56
1706867209568 308.4923095703125 60
1706867209637 350.72113037109375 64
1706867209705 295.0483703613281 68
1706867209782 576.5557250976562 72
1706867209851 418.95050048828125 76
1706867209920 273.7924499511719 80
1706867209991 358.8151550292969 84
1706867210063 452.1507568359375 88
1706867210137 266.2506103515625 92
1706867210207 176.20156860351562 96
1706867210275 413.889892578125 100
1706867210344 290.4039306640625 104
1706867210414 288.99066162109375 108
1706867210484 464.8195495605469 112
1706867210554 210.8260498046875 116
1706867210625 294.9342956542969 120
1706867210671 173.1318359375 124
1706867212027 267.1046142578125 0
1706867212098 238.01034545898438 5
1706867212170 254.39443969726562 10
1706867212239 277.9251403808594 15
1706867212311 214.36050415039062 20
1706867212387 243.1774444580078 25
1706867212456 297.63885498046875 30
1706867212532 255.01187133789062 35
1706867212601 335.90087890625 40
1706867212669 450.18402099609375 45
1706867212738 144.1121368408203 50
1706867212807 421.4930114746094 55
1706867212875 322.2437438964844 60
1706867212945 364.1851501464844 65
1706867213014 310.75018310546875 70
1706867213083 225.11019897460938 75
1706867213151 278.87713623046875 80
1706867213221 193.83702087402344 85
1706867213291 311.69915771484375 90
1706867213361 195.03880310058594 95
1706867213429 162.37899780273438 100
1706867213499 327.38653564453125 105
1706867213568 145.6370849609375 110
1706867213636 145.34934997558594 115
1706867213705 294.36785888671875 120
1706867213774 236.94735717773438 125
1706867213842 406.2669677734375 130
1706867213911 321.47674560546875 135
1706867213981 206.698974609375 140
1706867214050 282.40020751953125 145
1706867214118 205.56446838378906 150
1706867214163 262.4952392578125 155
1706867215516 245.746337890625 0
1706867215586 195.18960571289062 6
1706867215654 160.03286743164062 12
1706867215723 166.4227752685547 18
1706867215792 145.98129272460938 24
1706867215861 278.60357666015625 30
1706867215930 189.22462463378906 36
1706867215999 190.75079345703125 42
1706867216069 247.13380432128906 48
1706867216138 176.90194702148438 54
1706867216207 498.70477294921875 60
1706867216275 244.26612854003906 66
1706867216343 273.85772705078125 72
1706867216412 254.03822326660156 78
1706867216482 122.72195434570312 84
1706867216550 342.62274169921875 90
1706867216619 215.61912536621094 96
1706867216688 364.4629211425781 102
1706867216757 266.215087890625 108
1706867216825 210.68817138671875 114
1706867216895 140.0203857421875 120
1706867216963 302.1202392578125 126
1706867217032 227.95199584960938 132
1706867217100 138.46685791015625 138
1706867217170 276.2777099609375 144
1706867217238 345.5472717285156 150
1706867217308 280.53558349609375 156
1706867217376 289.09674072265625 162
1706867217446 304.2131042480469 168
1706867217514 339.77099609375 174
1706867217585 152.31478881835938 180
1706867217630 621.853271484375 186
1706867218915 290.2625427246094 0
1706867218985 206.74850463867188 7
1706867219054 143.43655395507812 14
1706867219124 226.47189331054688 21
1706867219192 364.374267578125 28
1706867219259 112.12846374511719 35
1706867219329 150.30923461914062 42
1706867219396 315.4710693359375 49
1706867219466 184.318603515625 56
1706867219536 237.691650390625 63
1706867219604 386.0085144042969 70
1706867219672 159.53921508789062 77
1706867219742 147.88812255859375 84
1706867219812 236.87823486328125 91
1706867219882 235.0338897705078 98
1706867219952 123.7213363647461 105
1706867220045 110.2578353881836 112
1706867220114 170.37794494628906 119
1706867220186 374.82513427734375 126
1706867220254 264.99822998046875 133
1706867220322 126.20631408691406 140
1706867220391 355.5096740722656 147
1706867220461 227.959228515625 154
1706867220531 366.2998046875 161
1706867220599 197.08302307128906 168
1706867220669 339.3179626464844 175
1706867220737 141.845458984375 182
1706867220807 210.54635620117188 189
1706867220877 290.01123046875 196
1706867220946 116.5404281616211 203
1706867221015 181.0352783203125 210
1706867221061 424.53546142578125 217
1706867222415 241.1141357421875 0
1706867222485 165.37741088867188 8
1706867222557 94.73723602294922 16
1706867222627 197.6766357421875 24
1706867222697 97.33309936523438 32
1706867222768 118.05537414550781 40
1706867222837 183.55873107910156 48
1706867222909 100.2959213256836 56
1706867222979 141.16708374023438 64
1706867223051 198.25827026367188 72
1706867223122 153.91238403320312 80
1706867223192 252.5152587890625 88
1706867223261 233.54916381835938 96
1706867223330 178.4818115234375 104
1706867223401 173.8353271484375 112
1706867223471 155.51806640625 120
1706867223541 148.2330322265625 128
1706867223609 162.242431640625 136
1706867223678 250.7671356201172 144
1706867223746 242.70265197753906 152
1706867223815 203.8604736328125 160
1706867223888 160.26612854003906 168
1706867223963 274.0874938964844 176
1706867224035 250.48480224609375 184
1706867224105 170.6426239013672 192
1706867224175 82.77448272705078 200
1706867224246 472.4288024902344 208
1706867224316 156.29501342773438 216
1706867224386 143.8629608154297 224
1706867224460 267.31158447265625 232
1706867224530 259.182373046875 240
1706867224577 760.2535400390625 248
1706867225885 177.54779052734375 0
1706867225955 234.57249450683594 9
1706867226027 167.42962646484375 18
1706867226096 131.85494995117188 27
1706867226167 246.15306091308594 36
1706867226238 96.69627380371094 45
1706867226306 150.10243225097656 54
1706867226377 173.1335906982422 63
1706867226447 128.03802490234375 72
1706867226517 256.98828125 81
1706867226586 188.5655059814453 90
1706867226656 231.58242797851562 99
1706867226726 214.72731018066406 108
1706867226798 102.99136352539062 117
1706867226866 120.00918579101562 126
1706867226937 217.98614501953125 135
1706867227007 174.47833251953125 144
1706867227077 314.9328918457031 153
1706867227148 159.0569610595703 162
1706867227217 95.85028839111328 171
1706867227287 215.9169921875 180
1706867227357 230.51144409179688 189
1706867227428 190.79208374023438 198
1706867227498 225.33251953125 207
1706867227569 85.80431365966797 216
1706867227640 129.73214721679688 225
1706867227711 230.79019165039062 234
1706867227780 136.5576171875 243
1706867227850 122.88995361328125 252
1706867227920 154.24830627441406 261
1706867227990 168.029296875 270
1706867228036 335.59307861328125 279
1706867229333 160.8047332763672 0
1706867229404 177.72401428222656 10
1706867229475 169.18885803222656 20
1706867229544 173.82223510742188 30
1706867229614 79.62108612060547 40
1706867229684 87.8345947265625 50
1706867229755 132.80401611328125 60
1706867229826 142.37713623046875 70
1706867229894 233.735595703125 80
1706867229965 179.37078857421875 90
1706867230034 218.70877075195312 100
1706867230102 142.69293212890625 110
1706867230173 148.302734375 120
1706867230244 197.02523803710938 130
1706867230315 104.11822509765625 140
1706867230385 241.82261657714844 150
1706867230454 122.48017120361328 160
1706867230524 130.26629638671875 170
1706867230593 130.1432342529297 180
1706867230661 136.2584228515625 190
1706867230730 130.03515625 200
1706867230799 97.29045867919922 210
1706867230870 86.31344604492188 220
1706867230940 85.4831771850586 230
1706867231009 169.13999938964844 240
1706867231078 142.9209442138672 250
1706867231148 89.37322998046875 260
1706867231243 141.8302001953125 270
1706867231314 157.56967163085938 280
1706867231383 69.16889953613281 290
1706867231453 194.47726440429688 300
1706867231499 828.261474609375 310
1706867233090 95.1268310546875 0
1706867233169 126.35188293457031 11
1706867233247 179.5738067626953 22
1706867233324 155.77056884765625 33
1706867233397 50.420841217041016 44
1706867233469 84.08958435058594 55
1706867233543 110.35226440429688 66
1706867233613 167.73910522460938 77
1706867233684 138.98072814941406 88
1706867233756 124.32037353515625 99
1706867233826 94.51753234863281 110
1706867233898 89.92337036132812 121
1706867233969 97.85357666015625 132
1706867234038 68.01416778564453 143
1706867234107 76.70564270019531 154
1706867234178 194.90121459960938 165
1706867234248 166.66122436523438 176
1706867234318 49.02934646606445 187
1706867234388 136.8575439453125 198
1706867234457 71.2691421508789 209
1706867234528 96.16656494140625 220
1706867234598 101.05873107910156 231
1706867234668 101.16537475585938 242
1706867234737 69.99153900146484 253
1706867234808 127.34791564941406 264
1706867234878 229.037353515625 275
1706867234948 101.49935150146484 286
1706867235019 140.65362548828125 297
1706867235088 254.95989990234375 308
1706867235160 102.87635803222656 319
1706867235230 161.29031372070312 330
1706867235276 382.39404296875 341
1706867236652 175.1544189453125 0
1706867236724 90.63432312011719 12
1706867236795 52.966827392578125 24
1706867236864 115.60880279541016 36
1706867236932 153.7080078125 48
1706867237001 131.52642822265625 60
1706867237071 106.67924499511719 72
1706867237142 93.1436767578125 84
1706867237211 81.10400390625 96
1706867237285 153.31214904785156 108
1706867237356 106.08979034423828 120
1706867237428 114.4769287109375 132
1706867237497 109.64181518554688 144
1706867237565 32.32243347167969 156
1706867237634 52.33486557006836 168
1706867237704 126.91436767578125 180
1706867237773 89.10128784179688 192
1706867237843 113.47648620605469 204
1706867237914 136.686767578125 216
1706867237983 73.38265991210938 228
1706867238053 85.69227600097656 240
1706867238125 81.67460632324219 252
1706867238198 51.61956787109375 264
1706867238271 84.21728515625 276
1706867238340 126.04496765136719 288
1706867238414 52.43391418457031 300
1706867238484 166.95120239257812 312
1706867238555 141.1285858154297 324
1706867238624 61.345088958740234 336
1706867238697 112.01627349853516 348
1706867238769 68.94058227539062 360
1706867238815 207.44931030273438 372
1706867240150 77.34494018554688 0
1706867240222 90.61145782470703 13
1706867240293 76.24141693115234 26
1706867240398 92.75562286376953 39
1706867240500 68.52983856201172 52
1706867240569 49.0124626159668 65
1706867240639 95.45148468017578 78
1706867240709 173.12835693359375 91
1706867240778 74.85397338867188 104
1706867240848 33.134117126464844 117
1706867240918 85.39653015136719 130
1706867240989 61.935001373291016 143
1706867241060 243.46127319335938 156
1706867241130 94.94772338867188 169
1706867241199 176.01141357421875 182
1706867241270 92.97297668457031 195
1706867241340 118.97109985351562 208
1706867241409 199.44610595703125 221
1706867241479 79.30940246582031 234
1706867241549 101.62813568115234 247
1706867241619 82.71260833740234 260
1706867241690 92.45133972167969 273
1706867241759 258.48736572265625 286
1706867241829 86.97233581542969 299
1706867241898 86.5625991821289 312
1706867241967 59.993690490722656 325
1706867242036 121.40840148925781 338
1706867242106 119.69821166992188 351
1706867242175 163.00900268554688 364
1706867242245 157.69149780273438 377
1706867242314 75.91976165771484 390
1706867242360 1098.387939453125 403
1706867243799 79.94934844970703 0
1706867243872 81.19465637207031 14
1706867243943 34.448394775390625 28
1706867244016 122.52011108398438 42
1706867244087 42.01201248168945 56
1706867244159 117.14034271240234 70
1706867244231 89.28059387207031 84
1706867244302 73.81219482421875 98
1706867244373 80.00921630859375 112
1706867244444 112.25372314453125 126
1706867244514 102.61235046386719 140
1706867244584 125.79039764404297 154
1706867244656 37.89423370361328 168
1706867244729 36.311031341552734 182
1706867244829 40.14987564086914 196
1706867244901 75.417236328125 210
1706867244972 50.45831298828125 224
1706867245042 145.75674438476562 238
1706867245111 145.9895782470703 252
1706867245181 74.25016784667969 266
1706867245252 50.73230743408203 280
1706867245320 156.14297485351562 294
1706867245391 55.45523452758789 308
1706867245460 47.644371032714844 322
1706867245528 117.90487670898438 336
1706867245598 63.12549591064453 350
1706867245669 124.89923858642578 364
1706867245739 59.94224548339844 378
1706867245808 59.754268646240234 392
1706867245878 65.69070434570312 406
1706867245948 79.07022857666016 420
1706867245994 107.02835845947266 434
1706867247325 55.416168212890625 0
1706867247396 112.10676574707031 15
1706867247466 26.451114654541016 30
1706867247539 35.579349517822266 45
1706867247609 47.083709716796875 60
1706867247680 63.655643463134766 75
1706867247752 62.228939056396484 90
1706867247824 75.82109069824219 105
1706867247913 52.204383850097656 120
1706867247984 75.70589447021484 135
1706867248055 83.96070861816406 150
1706867248126 84.30751037597656 165
1706867248196 86.51515197753906 180
1706867248266 173.92483520507812 195
1706867248335 67.12776184082031 210
1706867248405 63.86257553100586 225
1706867248474 80.74614715576172 240
1706867248546 68.7376480102539 255
1706867248618 41.93525695800781 270
1706867248687 44.635169982910156 285
1706867248758 54.29156494140625 300
1706867248826 75.61697387695312 315
1706867248899 43.20756149291992 330
1706867248968 105.60078430175781 345
1706867249039 199.76190185546875 360
1706867249108 51.01811981201172 375
1706867249179 42.10624694824219 390
1706867249249 74.27574157714844 405
1706867249317 83.48700714111328 420
1706867249387 79.42676544189453 435
1706867249458 77.74789428710938 450
1706867249504 378.78363037109375 465
1706867250922 99.95808410644531 0
1706867251025 43.84492492675781 16
1706867251129 85.43956756591797 32
1706867251203 93.01280212402344 48
1706867251335 115.02655029296875 64
1706867251408 81.31285858154297 80
1706867251483 101.62846374511719 96
1706867251555 122.91278076171875 112
1706867251629 48.70602798461914 128
1706867251699 45.639591217041016 144
1706867251770 51.92957305908203 160
1706867251839 117.65374755859375 176
1706867251907 44.9937858581543 192
1706867251976 45.05543518066406 208
1706867252047 56.59636688232422 224
1706867252117 31.09014320373535 240
1706867252187 86.69361877441406 256
1706867252256 28.854856491088867 272
1706867252325 40.97173309326172 288
1706867252396 62.37736892700195 304
1706867252467 35.163814544677734 320
1706867252537 58.48765182495117 336
1706867252609 67.39230346679688 352
1706867252677 60.0213623046875 368
1706867252748 48.23164367675781 384
1706867252817 70.71578979492188 400
1706867252888 111.91642761230469 416
1706867252956 28.881641387939453 432
1706867253029 43.01691818237305 448
1706867253103 38.83792495727539 464
1706867253175 44.86157989501953 480
1706867253222 179.6297607421875 496
1706867254776 21.486509323120117 0
1706867254848 101.32254791259766 17
1706867254924 55.52186584472656 34
1706867254997 24.308963775634766 51
1706867255073 88.45384216308594 68
1706867255167 26.854970932006836 85
1706867255239 53.869346618652344 102
1706867255309 73.0445556640625 119
1706867255381 101.4377670288086 136
1706867255456 72.73546600341797 153
1706867255529 37.57154846191406 170
1706867255600 71.70721435546875 187
1706867255669 91.63867950439453 204
1706867255739 64.85142517089844 221
1706867255809 48.42950439453125 238
1706867255878 49.055442810058594 255
1706867255948 35.135494232177734 272
1706867256018 45.28363037109375 289
1706867256088 37.38877487182617 306
1706867256159 121.14779663085938 323
1706867256230 34.32904052734375 340
1706867256305 94.63081359863281 357
1706867256381 42.430519104003906 374
1706867256451 51.08153533935547 391
1706867256522 44.39801025390625 408
1706867256591 52.02632141113281 425
1706867256662 38.510311126708984 442
1706867256732 68.06766510009766 459
1706867256801 80.26146697998047 476
1706867256870 60.814388275146484 493
1706867256938 113.516357421875 510
1706867256985 57.539512634277344 527
1706867258440 101.72299194335938 0
1706867258511 43.96620178222656 18
1706867258581 33.67387008666992 36
1706867258653 111.05912780761719 54
1706867258724 54.5331916809082 72
1706867258798 56.195709228515625 90
1706867258869 57.58597183227539 108
1706867258941 38.2244758605957 126
1706867259011 36.04538345336914 144
1706867259108 57.44136047363281 162
1706867259179 60.23624038696289 180
1706867259248 45.88264083862305 198
1706867259317 138.38442993164062 216
1706867259388 41.740333557128906 234
1706867259457 42.131996154785156 252
1706867259527 18.454153060913086 270
1706867259596 46.11316680908203 288
1706867259670 34.55747985839844 306
1706867259742 65.79801940917969 324
1706867259812 72.8291244506836 342
1706867259883 29.509265899658203 360
1706867259955 80.12788391113281 378
1706867260027 28.926712036132812 396
1706867260098 50.586158752441406 414
1706867260169 45.36925506591797 432
1706867260241 85.77568054199219 450
1706867260334 67.30531311035156 468
1706867260404 119.89898681640625 486
1706867260474 56.08100128173828 504
1706867260546 67.72242736816406 522
1706867260617 53.652767181396484 540
1706867260662 36.25135803222656 558
1706867262041 55.61834716796875 0
1706867262113 48.67599868774414 19
1706867262185 48.1402587890625 38
1706867262255 56.319618225097656 57
1706867262325 45.90729522705078 76
1706867262394 27.510826110839844 95
1706867262465 59.66632080078125 114
1706867262534 11.217584609985352 133
1706867262604 81.13311767578125 152
1706867262674 22.886188507080078 171
1706867262742 31.230640411376953 190
1706867262811 100.93150329589844 209
1706867262882 65.5031967163086 228
1706867262950 24.825092315673828 247
1706867263020 42.9969367980957 266
1706867263092 37.13166046142578 285
1706867263218 85.123291015625 304
1706867263325 24.583080291748047 323
1706867263394 67.05195617675781 342
1706867263464 37.19293212890625 361
1706867263533 32.28912353515625 380
1706867263605 56.56022644042969 399
1706867263675 41.03863525390625 418
1706867263744 47.099822998046875 437
1706867263814 45.24132537841797 456
1706867263883 25.774288177490234 475
1706867263952 31.688243865966797 494
1706867264021 110.49745178222656 513
1706867264089 52.45060348510742 532
1706867264159 24.904308319091797 551
1706867264228 19.184219360351562 570
1706867264273 32.15782928466797 589
1706867265628 67.53878784179688 0
1706867265698 62.86640167236328 20
1706867265771 52.644779205322266 40
1706867265841 120.42396545410156 60
1706867265909 85.14761352539062 80
1706867265980 89.27104187011719 100
1706867266049 46.25559616088867 120
1706867266118 40.120582580566406 140
1706867266212 61.52272033691406 160
1706867266280 47.335296630859375 180
1706867266350 46.10749435424805 200
1706867266418 52.55098342895508 220
1706867266487 44.11605453491211 240
1706867266556 17.538740158081055 260
1706867266624 71.429443359375 280
1706867266693 74.75926208496094 300
1706867266762 40.42658615112305 320
1706867266832 123.37271881103516 340
1706867266902 33.75315856933594 360
1706867266971 74.20684814453125 380
1706867267040 61.17744445800781 400
1706867267113 49.74955749511719 420
1706867267184 25.100582122802734 440
1706867267255 136.5133819580078 460
1706867267324 56.28288269042969 480
1706867267392 74.07463836669922 500
1706867267462 32.65513229370117 520
1706867267531 86.36201477050781 540
1706867267601 25.953685760498047 560
1706867267671 33.52777099609375 580
1706867267741 126.8674545288086 600
1706867267786 240.07208251953125 620
1706867269250 19.91455078125 0
1706867269321 16.60327911376953 21
1706867269394 12.922712326049805 42
1706867269490 78.92408752441406 63
1706867269559 38.12895202636719 84
1706867269631 21.084598541259766 105
1706867269700 92.02898406982422 126
1706867269772 46.68587875366211 147
1706867269842 30.116191864013672 168
1706867269915 86.10680389404297 189
1706867269985 42.635616302490234 210
1706867270056 21.842304229736328 231
1706867270126 63.932525634765625 252
1706867270196 19.669504165649414 273
1706867270266 22.961702346801758 294
1706867270335 22.694557189941406 315
1706867270404 31.156253814697266 336
1706867270475 19.323877334594727 357
1706867270545 45.908241271972656 378
1706867270616 44.87794876098633 399
1706867270686 27.284412384033203 420
1706867270759 128.60438537597656 441
1706867270832 34.82862091064453 462
1706867270900 37.73564910888672 483
1706867270970 29.32015037536621 504
1706867271039 26.13283920288086 525
1706867271112 53.5106201171875 546
1706867271183 24.863033294677734 567
1706867271253 73.818115234375 588
1706867271324 47.76554489135742 609
1706867271394 20.292160034179688 630
1706867271440 100.60994720458984 651
1706867272864 13.329366683959961 0
1706867272934 22.538734436035156 22
1706867273006 28.53168487548828 44
1706867273077 25.55972671508789 66
1706867273148 22.06239128112793 88
1706867273220 27.426725387573242 110
1706867273291 50.256507873535156 132
1706867273363 41.43048858642578 154
1706867273434 53.53746032714844 176
1706867273505 95.44650268554688 198
1706867273577 35.734012603759766 220
1706867273648 42.95025634765625 242
1706867273718 70.61433410644531 264
1706867273789 40.55821228027344 286
1706867273860 44.87079620361328 308
1706867273930 21.023210525512695 330
1706867274000 11.134477615356445 352
1706867274069 55.57374572753906 374
1706867274139 22.32975959777832 396
1706867274208 32.5567626953125 418
1706867274278 26.36126708984375 440
1706867274349 61.71353530883789 462
1706867274420 24.069904327392578 484
1706867274491 109.53721618652344 506
1706867274561 31.74204444885254 528
1706867274633 26.528133392333984 550
1706867274705 19.77516746520996 572
1706867274775 48.74188995361328 594
1706867274846 20.744094848632812 616
1706867274916 19.021526336669922 638
1706867274987 50.4702262878418 660
1706867275034 67.279296875 682
1706867276342 33.142276763916016 0
1706867276414 44.32331466674805 23
1706867276486 29.360536575317383 46
1706867276559 50.63408279418945 69
1706867276629 47.93592834472656 92
1706867276700 26.114538192749023 115
1706867276773 17.54363250732422 138
1706867276868 18.635833740234375 161
1706867276938 37.073463439941406 184
1706867277007 29.487985610961914 207
1706867277078 19.572261810302734 230
1706867277148 41.85879135131836 253
1706867277219 48.94707107543945 276
1706867277291 76.19773864746094 299
1706867277362 22.13895606994629 322
1706867277433 11.19793701171875 345
1706867277505 86.45547485351562 368
1706867277575 10.02619457244873 391
1706867277649 29.72222328186035 414
1706867277719 38.03458786010742 437
1706867277790 32.66676330566406 460
1706867277858 36.3334846496582 483
1706867277927 39.988441467285156 506
1706867277996 26.730619430541992 529
1706867278065 20.13999366760254 552
1706867278136 167.21157836914062 575
1706867278205 23.669612884521484 598
1706867278276 14.807621955871582 621
1706867278344 28.123065948486328 644
1706867278414 21.930585861206055 667
1706867278483 51.256431579589844 690
1706867278530 36.32667541503906 713
1706867279867 47.95261764526367 0
1706867279938 21.495798110961914 24
1706867280009 11.583250045776367 48
1706867280080 37.00907897949219 72
1706867280151 21.829442977905273 96
1706867280226 18.36707305908203 120
1706867280300 26.947246551513672 144
1706867280372 28.008251190185547 168
1706867280442 12.293229103088379 192
1706867280511 21.790306091308594 216
1706867280579 31.138471603393555 240
1706867280648 25.23941421508789 264
1706867280720 29.046693801879883 288
1706867280789 49.502708435058594 312
1706867280859 26.712787628173828 336
1706867280928 22.450515747070312 360
1706867280998 51.07465744018555 384
1706867281068 67.12613677978516 408
1706867281138 64.96121215820312 432
1706867281208 43.866798400878906 456
1706867281277 28.928104400634766 480
1706867281345 20.67687225341797 504
1706867281415 56.700653076171875 528
1706867281487 34.615108489990234 552
1706867281584 31.461963653564453 576
1706867281709 29.587385177612305 600
1706867281777 28.935108184814453 624
1706867281911 85.10050201416016 648
1706867281986 28.91259765625 672
1706867282082 31.91133689880371 696
1706867282177 25.546031951904297 720
1706867282224 150.4281005859375 744
1706867283600 45.5101203918457 0
1706867283677 17.31252670288086 25
1706867283754 26.067562103271484 50
1706867283830 54.60154724121094 75
1706867283902 82.52992248535156 100
1706867283995 34.96305847167969 125
1706867284101 29.206809997558594 150
1706867284173 10.147591590881348 175
1706867284243 50.00220489501953 200
1706867284313 53.75572204589844 225
1706867284383 36.58953857421875 250
1706867284453 32.47660827636719 275
1706867284524 92.72736358642578 300
1706867284620 41.69752502441406 325
1706867284689 65.71873474121094 350
1706867284759 19.929595947265625 375
1706867284829 16.842334747314453 400
1706867284898 73.17361450195312 425
1706867284966 28.544696807861328 450
1706867285035 39.885215759277344 475
1706867285104 61.54865264892578 500
1706867285175 24.957983016967773 525
1706867285245 13.927286148071289 550
1706867285314 33.0919189453125 575
1706867285383 11.338434219360352 600
1706867285453 34.34389114379883 625
1706867285523 34.858795166015625 650
1706867285592 28.91851043701172 675
1706867285662 34.30448532104492 700
1706867285729 79.47593688964844 725
1706867285799 25.2440128326416 750
1706867285844 45.989295959472656 775
1706867287165 26.13580322265625 0
1706867287236 18.58788299560547 26
1706867287305 94.7345962524414 52
1706867287375 17.877561569213867 78
1706867287444 52.97407531738281 104
1706867287514 24.793338775634766 130
1706867287584 49.35847473144531 156
1706867287657 22.526676177978516 182
1706867287727 25.833810806274414 208
1706867287797 50.167510986328125 234
1706867287865 55.24365234375 260
1706867287934 41.52867126464844 286
1706867288004 16.108497619628906 312
1706867288075 41.71921157836914 338
1706867288145 25.28264045715332 364
1706867288215 106.10917663574219 390
1706867288285 21.148658752441406 416
1706867288353 143.67105102539062 442
1706867288422 56.564640045166016 468
1706867288490 91.09906005859375 494
1706867288561 31.26300048828125 520
1706867288688 42.49589538574219 546
1706867288758 22.830968856811523 572
1706867288829 40.53633117675781 598
1706867288899 22.597850799560547 624
1706867288968 34.08219528198242 650
1706867289039 13.621435165405273 676
1706867289110 44.13468933105469 702
1706867289182 30.001792907714844 728
1706867289254 35.229026794433594 754
1706867289324 50.29141616821289 780
1706867289371 95.46697998046875 806
1706867290689 32.09965515136719 0
1706867290762 65.6805419921875 27
1706867290834 37.15473937988281 54
1706867290905 44.136871337890625 81
1706867290976 16.13571548461914 108
1706867291046 36.08230972290039 135
1706867291116 43.415470123291016 162
1706867291187 50.910972595214844 189
1706867291257 21.182353973388672 216
1706867291327 21.168684005737305 243
1706867291398 16.880447387695312 270
1706867291468 10.363763809204102 297
1706867291536 20.709693908691406 324
1706867291607 74.62141418457031 351
1706867291676 20.708105087280273 378
1706867291746 23.28976821899414 405
1706867291817 50.17193603515625 432
1706867291886 46.28575897216797 459
1706867291957 87.90583801269531 486
1706867292028 80.04898834228516 513
1706867292096 121.18689727783203 540
1706867292166 44.99973678588867 567
1706867292236 24.651683807373047 594
1706867292306 41.503562927246094 621
1706867292378 17.202314376831055 648
1706867292448 23.58712387084961 675
1706867292516 34.57990646362305 702
1706867292587 10.605424880981445 729
1706867292656 44.65802764892578 756
1706867292726 36.119163513183594 783
1706867292795 43.09067916870117 810
1706867292842 103.0375747680664 837
1706867294139 19.845561981201172 0
1706867294213 31.34225845336914 28
1706867294284 31.50577163696289 56
1706867294352 13.280550003051758 84
1706867294421 96.02066802978516 112
1706867294492 31.35247230529785 140
1706867294563 19.267457962036133 168
1706867294634 25.24795150756836 196
1706867294705 52.16534423828125 224
1706867294775 13.243350982666016 252
1706867294845 12.778495788574219 280
1706867294915 122.74849700927734 308
1706867294985 141.3877410888672 336
1706867295054 26.54285430908203 364
1706867295124 108.46806335449219 392
1706867295192 23.14325714111328 420
1706867295263 25.013168334960938 448
1706867295332 44.964168548583984 476
1706867295403 36.34661102294922 504
1706867295473 39.262603759765625 532
1706867295543 32.770626068115234 560
1706867295614 17.915340423583984 588
1706867295684 64.61424255371094 616
1706867295756 25.366443634033203 644
1706867295827 12.901077270507812 672
1706867295896 11.886104583740234 700
1706867295965 74.45599365234375 728
1706867296035 40.02326965332031 756
1706867296106 18.928264617919922 784
1706867296176 34.55392074584961 812
1706867296246 38.922489166259766 840
1706867296292 147.66705322265625 868
1706867297615 17.15081787109375 0
1706867297685 29.216676712036133 29
1706867297758 41.115516662597656 58
1706867297828 19.446517944335938 87
1706867297899 35.802574157714844 116
1706867297969 16.031841278076172 145
1706867298040 33.816162109375 174
1706867298112 24.39273452758789 203
1706867298180 39.39262771606445 232
1706867298250 13.225561141967773 261
1706867298320 61.50132751464844 290
1706867298390 73.71326446533203 319
1706867298459 29.471431732177734 348
1706867298530 49.524105072021484 377
1706867298602 26.629533767700195 406
1706867298673 19.044551849365234 435
1706867298744 20.29974937438965 464
1706867298816 44.67169189453125 493
1706867298887 33.925743103027344 522
1706867298955 18.965103149414062 551
1706867299027 73.6160888671875 580
1706867299096 13.160962104797363 609
1706867299166 69.98554229736328 638
1706867299237 37.06031799316406 667
1706867299307 126.53874206542969 696
1706867299378 30.899517059326172 725
1706867299448 34.00189208984375 754
1706867299521 103.46422576904297 783
1706867299593 40.67732620239258 812
1706867299662 15.847845077514648 841
1706867299733 66.57599639892578 870
1706867299780 36.62847137451172 899
1706867301085 24.199857711791992 0
1706867301156 48.449188232421875 30
1706867301226 28.763072967529297 60
1706867301295 22.433982849121094 90
1706867301365 119.80437469482422 120
1706867301434 41.01555633544922 150
1706867301505 15.002411842346191 180
1706867301574 74.63702392578125 210
1706867301646 20.776430130004883 240
1706867301716 54.09320831298828 270
1706867301786 89.14318084716797 300
1706867301858 39.84038543701172 330
1706867301927 114.84417724609375 360
1706867301996 112.73975372314453 390
1706867302066 62.56821823120117 420
1706867302136 18.031639099121094 450
1706867302206 22.856800079345703 480
1706867302277 23.774459838867188 510
1706867302348 23.610309600830078 540
1706867302420 25.91925811767578 570
1706867302489 48.139556884765625 600
1706867302560 43.81321716308594 630
1706867302631 22.61751937866211 660
1706867302702 25.754894256591797 690
1706867302772 32.40231704711914 720
1706867302844 45.14722442626953 750
1706867302915 18.738075256347656 780
1706867302985 24.74196434020996 810
1706867303055 37.48203659057617 840
1706867303124 25.00494956970215 870
1706867303194 33.261131286621094 900
1706867303240 70.11164855957031 930
