1706866494007 35.669551849365234 0
1706866494096 29.602327346801758 1
1706866494183 31.43082046508789 2
1706866494266 31.26050567626953 3
1706866494338 32.46284866333008 4
1706866494408 26.445674896240234 5
1706866494478 26.9990177154541 6
1706866494546 28.75210952758789 7
1706866494616 27.014768600463867 8
1706866494684 28.505945205688477 9
1706866494753 25.770221710205078 10
1706866494822 32.22019958496094 11
1706866494894 23.26387596130371 12
1706866494963 26.988204956054688 13
1706866495033 28.65692901611328 14
1706866495101 24.692089080810547 15
1706866495173 21.490703582763672 16
1706866495243 30.831567764282227 17
1706866495314 25.357421875 18
1706866495384 31.23453140258789 19
1706866495454 26.45869255065918 20
1706866495523 34.76926040649414 21
1706866495597 24.21001625061035 22
1706866495670 23.406442642211914 23
1706866495741 31.280654907226562 24
1706866495810 28.37803077697754 25
1706866495880 30.12799835205078 26
1706866495949 30.11362075805664 27
1706866496018 15.9696626663208 28
1706866496087 18.42528533935547 29
1706866496155 25.975025177001953 30
1706866496284 20.22921371459961 31
1706866497585 26.905717849731445 0
1706866497655 24.245492935180664 2
1706866497724 25.034744262695312 4
1706866497792 16.687076568603516 6
1706866497861 24.62986946105957 8
1706866497929 21.133943557739258 10
1706866497998 15.898138046264648 12
1706866498067 20.573902130126953 14
1706866498135 19.28811264038086 16
1706866498204 22.140018463134766 18
1706866498273 22.105575561523438 20
1706866498341 15.917957305908203 22
1706866498410 25.723251342773438 24
1706866498479 21.88232421875 26
1706866498548 24.69460678100586 28
1706866498616 19.55482292175293 30
1706866498687 32.61349868774414 32
1706866498757 19.83637809753418 34
1706866498827 22.921188354492188 36
1706866498895 24.537384033203125 38
1706866498964 19.43631362915039 40
1706866499033 24.540401458740234 42
1706866499101 23.48118019104004 44
1706866499171 18.874244689941406 46
1706866499240 27.69489288330078 48
1706866499309 21.798336029052734 50
1706866499379 21.560771942138672 52
1706866499448 20.82341766357422 54
1706866499517 21.30606460571289 56
1706866499585 16.980241775512695 58
1706866499654 24.166109085083008 60
1706866499699 23.25843048095703 62
1706866501044 18.953704833984375 0
1706866501115 23.002182006835938 3
1706866501184 27.493839263916016 6
1706866501253 15.639092445373535 9
1706866501322 21.36356544494629 12
1706866501393 21.08314323425293 15
1706866501462 22.6076602935791 18
1706866501530 18.818233489990234 21
1706866501601 16.91622543334961 24
1706866501670 16.73282241821289 27
1706866501738 23.093046188354492 30
1706866501809 16.4406795501709 33
1706866501879 19.916179656982422 36
1706866501948 18.116912841796875 39
1706866502018 17.533618927001953 42
1706866502086 20.16903305053711 45
1706866502154 23.740772247314453 48
1706866502224 19.144750595092773 51
1706866502292 21.550607681274414 54
1706866502360 21.24604034423828 57
1706866502428 20.44652557373047 60
1706866502499 20.028385162353516 63
1706866502598 23.35269546508789 66
1706866502669 22.06021499633789 69
1706866502738 16.23058319091797 72
1706866502808 22.03887939453125 75
1706866502877 12.306509017944336 78
1706866502947 18.507568359375 81
1706866503018 18.40482521057129 84
1706866503087 18.504728317260742 87
1706866503158 20.257732391357422 90
1706866503205 21.889636993408203 93
1706866504590 14.918279647827148 0
1706866504661 21.8005428314209 4
1706866504732 19.43404197692871 8
1706866504805 24.548507690429688 12
1706866504875 17.186317443847656 16
1706866504946 23.2012939453125 20
1706866505018 18.463050842285156 24
1706866505089 20.5253849029541 28
1706866505161 19.77383804321289 32
1706866505234 19.63713836669922 36
1706866505306 22.142751693725586 40
1706866505377 18.993854522705078 44
1706866505450 18.082733154296875 48
1706866505523 19.520437240600586 52
1706866505651 20.06583595275879 56
1706866505722 23.70490837097168 60
1706866505794 22.466419219970703 64
1706866505867 18.062725067138672 68
1706866505943 20.53160858154297 72
1706866506045 22.126659393310547 76
1706866506138 16.33509635925293 80
1706866506210 18.294761657714844 84
1706866506281 18.912353515625 88
1706866506352 19.80072593688965 92
1706866506424 22.200401306152344 96
1706866506496 16.789283752441406 100
1706866506567 20.910131454467773 104
1706866506638 16.103803634643555 108
1706866506709 19.304195404052734 112
1706866506782 24.35936737060547 116
1706866506854 21.82367706298828 120
1706866506900 21.991493225097656 124
1706866508256 15.070475578308105 0
1706866508327 16.929794311523438 5
1706866508398 17.328828811645508 10
1706866508470 15.401138305664062 15
1706866508542 22.110687255859375 20
1706866508614 17.557815551757812 25
1706866508686 15.264461517333984 30
1706866508756 18.21729278564453 35
1706866508829 13.46037483215332 40
1706866508900 23.55805778503418 45
1706866508972 19.946189880371094 50
1706866509043 18.134105682373047 55
1706866509116 16.109994888305664 60
1706866509188 15.253559112548828 65
1706866509260 15.819186210632324 70
1706866509333 27.223224639892578 75
1706866509403 14.65772819519043 80
1706866509475 24.852346420288086 85
1706866509547 25.038883209228516 90
1706866509620 17.012475967407227 95
1706866509696 20.858928680419922 100
1706866509772 18.275930404663086 105
1706866509877 24.149085998535156 110
1706866509970 18.989707946777344 115
1706866510052 22.317424774169922 120
1706866510128 22.96897315979004 125
1706866510236 20.938770294189453 130
1706866510368 19.751483917236328 135
1706866510499 15.942705154418945 140
1706866510572 20.33550262451172 145
1706866510644 19.296606063842773 150
1706866510690 14.403155326843262 155
1706866512090 17.788803100585938 0
1706866512164 20.051118850708008 6
1706866512242 18.331607818603516 12
1706866512318 15.859418869018555 18
1706866512391 19.48911476135254 24
1706866512464 17.450618743896484 30
1706866512538 14.072253227233887 36
1706866512609 17.794902801513672 42
1706866512680 13.395666122436523 48
1706866512750 20.162717819213867 54
1706866512822 18.159271240234375 60
1706866512894 16.15762710571289 66
1706866512967 17.966960906982422 72
1706866513038 16.35989761352539 78
1706866513109 20.68348503112793 84
1706866513182 16.197433471679688 90
1706866513252 17.592578887939453 96
1706866513325 21.27321434020996 102
1706866513396 23.794384002685547 108
1706866513469 21.77108383178711 114
1706866513539 15.062259674072266 120
1706866513613 21.727195739746094 126
1706866513685 17.95423126220703 132
1706866513757 19.15511703491211 138
1706866513829 17.170398712158203 144
1706866513901 20.306821823120117 150
1706866513973 19.12900733947754 156
1706866514046 23.307796478271484 162
1706866514119 19.247827529907227 168
1706866514191 17.476879119873047 174
1706866514264 20.90800666809082 180
1706866514310 20.27566146850586 186
1706866515670 18.245405197143555 0
1706866515739 16.84894561767578 7
1706866515810 17.60665512084961 14
1706866515881 17.443876266479492 21
1706866515952 18.163602828979492 28
1706866516025 21.312650680541992 35
1706866516099 20.525447845458984 42
1706866516172 22.906660079956055 49
1706866516243 14.368818283081055 56
1706866516315 17.93737030029297 63
1706866516387 14.938470840454102 70
1706866516460 20.187253952026367 77
1706866516531 23.58449935913086 84
1706866516629 18.82630729675293 91
1706866516701 20.428024291992188 98
1706866516776 25.171783447265625 105
1706866516850 17.99478530883789 112
1706866516921 15.394720077514648 119
1706866516993 18.17729949951172 126
1706866517064 21.678394317626953 133
1706866517155 20.973175048828125 140
1706866517227 17.29094123840332 147
1706866517299 17.02001953125 154
1706866517369 13.857195854187012 161
1706866517439 19.396133422851562 168
1706866517510 17.67161750793457 175
1706866517582 19.158754348754883 182
1706866517652 17.45573616027832 189
1706866517724 20.887248992919922 196
1706866517794 26.41582489013672 203
1706866517867 18.89496612548828 210
1706866517913 19.934925079345703 217
1706866519223 17.120309829711914 0
1706866519293 15.042634963989258 8
1706866519364 17.857404708862305 16
1706866519436 15.815494537353516 24
1706866519506 16.04171371459961 32
1706866519577 13.516895294189453 40
1706866519649 17.459720611572266 48
1706866519719 17.00228500366211 56
1706866519792 17.0592041015625 64
1706866519862 16.134796142578125 72
1706866519935 21.965343475341797 80
1706866520006 19.282180786132812 88
1706866520077 18.0963191986084 96
1706866520149 20.382049560546875 104
1706866520220 18.097244262695312 112
1706866520292 19.64809226989746 120
1706866520363 13.68833065032959 128
1706866520434 12.621434211730957 136
1706866520504 19.77859115600586 144
1706866520575 17.38197898864746 152
1706866520647 19.664854049682617 160
1706866520717 22.348106384277344 168
1706866520790 24.269681930541992 176
1706866520859 19.21209716796875 184
1706866520930 19.529165267944336 192
1706866521000 13.847099304199219 200
1706866521072 14.646565437316895 208
1706866521143 15.72408676147461 216
1706866521216 15.554964065551758 224
1706866521286 13.628328323364258 232
1706866521358 15.822308540344238 240
1706866521404 5.442880630493164 248
1706866522748 20.017574310302734 0
1706866522816 21.0565185546875 9
1706866522886 15.973072052001953 18
1706866522957 22.621170043945312 27
1706866523028 19.153331756591797 36
1706866523099 22.016704559326172 45
1706866523170 15.716072082519531 54
1706866523242 15.770349502563477 63
1706866523313 14.848377227783203 72
1706866523384 13.390321731567383 81
1706866523456 15.526596069335938 90
1706866523527 18.100297927856445 99
1706866523597 12.174622535705566 108
1706866523667 16.035079956054688 117
1706866523738 16.212669372558594 126
1706866523808 17.10688018798828 135
1706866523877 16.97391128540039 144
1706866523949 16.624618530273438 153
1706866524021 16.814876556396484 162
1706866524093 14.670377731323242 171
1706866524164 16.06348419189453 180
1706866524234 16.368385314941406 189
1706866524307 13.478425025939941 198
1706866524377 14.354052543640137 207
1706866524449 19.317405700683594 216
1706866524520 14.70201301574707 225
1706866524591 15.397878646850586 234
1706866524662 18.237472534179688 243
1706866524734 14.088562965393066 252
1706866524803 15.183061599731445 261
1706866524874 17.08885955810547 270
1706866524922 10.03166389465332 279
1706866526304 15.430792808532715 0
1706866526375 17.979633331298828 10
1706866526447 15.132577896118164 20
1706866526519 16.109766006469727 30
1706866526615 13.591285705566406 40
1706866526687 10.016556739807129 50
1706866526759 20.651880264282227 60
1706866526829 14.6704740524292 70
1706866526900 15.646089553833008 80
1706866526971 15.57060718536377 90
1706866527041 17.24224090576172 100
1706866527111 18.07492446899414 110
1706866527181 12.921266555786133 120
1706866527251 15.138336181640625 130
1706866527321 16.412721633911133 140
1706866527392 13.992603302001953 150
1706866527462 15.635863304138184 160
1706866527534 16.102184295654297 170
1706866527605 13.594514846801758 180
1706866527675 13.023276329040527 190
1706866527747 13.927584648132324 200
1706866527819 16.637805938720703 210
1706866527889 14.368572235107422 220
1706866527959 14.526463508605957 230
1706866528029 13.738350868225098 240
1706866528099 13.716784477233887 250
1706866528170 16.589038848876953 260
1706866528241 16.307693481445312 270
1706866528313 16.3797664642334 280
1706866528384 12.806578636169434 290
1706866528454 11.854381561279297 300
1706866528499 13.362424850463867 310
