1706866493989 35.669551849365234 0
1706866494087 29.602327346801758 1
1706866494176 31.43082046508789 2
1706866494258 31.26050567626953 3
1706866494330 32.46284866333008 4
1706866494400 26.445674896240234 5
1706866494470 26.9990177154541 6
1706866494539 28.75210952758789 7
1706866494608 27.014768600463867 8
1706866494677 28.505945205688477 9
1706866494746 25.770221710205078 10
1706866494815 32.22019958496094 11
1706866494887 23.26387596130371 12
1706866494956 26.988204956054688 13
1706866495025 28.65692901611328 14
1706866495093 24.692089080810547 15
1706866495166 21.490703582763672 16
1706866495236 30.831567764282227 17
1706866495306 25.357421875 18
1706866495376 31.23453140258789 19
1706866495446 26.45869255065918 20
1706866495515 34.76926040649414 21
1706866495588 24.21001625061035 22
1706866495662 23.406442642211914 23
1706866495734 31.280654907226562 24
1706866495803 28.37803077697754 25
1706866495873 30.12799835205078 26
1706866495942 30.11362075805664 27
1706866496010 15.9696626663208 28
1706866496079 18.42528533935547 29
1706866496147 25.975025177001953 30
1706866496276 20.22921371459961 31
1706866496320 25.492170333862305 0
1706866496358 27.480018615722656 0
1706866496396 26.22306251525879 0
1706866496434 18.83679962158203 0
1706866496472 21.386268615722656 0
1706866496510 22.192699432373047 0
1706866496548 21.31769561767578 0
1706866496585 28.210039138793945 0
1706866496623 25.492168426513672 0
1706866496663 22.95484161376953 0
1706866496701 21.524295806884766 0
1706866496738 22.892335891723633 0
1706866496776 21.736093521118164 0
1706866496814 24.948768615722656 0
1706866496851 17.861087799072266 0
1706866496889 29.76038932800293 0
1706866496927 25.973941802978516 0
1706866496965 28.44877052307129 0
1706866497003 22.404491424560547 0
1706866497040 26.041637420654297 0
1706866497079 32.46092224121094 0
1706866497116 24.130191802978516 0
1706866497155 25.23609161376953 0
1706866497192 21.442699432373047 0
1706866497230 23.573768615722656 0
1706866497268 25.442691802978516 0
1706866497306 25.111095428466797 0
1706866497344 23.88714599609375 0
1706866497381 26.142343521118164 0
1706866497420 25.32984161376953 0
1706866497458 21.749122619628906 0
1706866497481 26.0242919921875 0
1706866497577 26.905717849731445 0
1706866497647 24.245492935180664 2
1706866497717 25.034744262695312 4
1706866497784 16.687076568603516 6
1706866497853 24.62986946105957 8
1706866497921 21.133943557739258 10
1706866497990 15.898138046264648 12
1706866498059 20.573902130126953 14
1706866498127 19.28811264038086 16
1706866498196 22.140018463134766 18
1706866498265 22.105575561523438 20
1706866498333 15.917957305908203 22
1706866498402 25.723251342773438 24
1706866498471 21.88232421875 26
1706866498540 24.69460678100586 28
1706866498608 19.55482292175293 30
1706866498679 32.61349868774414 32
1706866498750 19.83637809753418 34
1706866498819 22.921188354492188 36
1706866498887 24.537384033203125 38
1706866498956 19.43631362915039 40
1706866499025 24.540401458740234 42
1706866499093 23.48118019104004 44
1706866499163 18.874244689941406 46
1706866499233 27.69489288330078 48
1706866499302 21.798336029052734 50
1706866499371 21.560771942138672 52
1706866499440 20.82341766357422 54
1706866499510 21.30606460571289 56
1706866499577 16.980241775512695 58
1706866499646 24.166109085083008 60
1706866499691 23.25843048095703 62
1706866499736 21.39647102355957 32
1706866499774 19.444316864013672 32
1706866499813 20.151762008666992 32
1706866499851 18.657855987548828 32
1706866499890 20.170677185058594 32
1706866499928 19.618921279907227 32
1706866499967 20.588443756103516 32
1706866500006 15.105145454406738 32
1706866500044 20.36432456970215 32
1706866500082 15.830497741699219 32
1706866500121 18.04806900024414 32
1706866500160 17.415477752685547 32
1706866500198 17.265487670898438 32
1706866500239 21.49886703491211 32
1706866500277 17.53769302368164 32
1706866500316 22.29035758972168 32
1706866500354 18.593265533447266 32
1706866500393 21.778432846069336 32
1706866500431 18.89702796936035 32
1706866500470 15.782423973083496 32
1706866500508 23.32221794128418 32
1706866500546 21.258514404296875 32
1706866500585 17.060726165771484 32
1706866500623 19.570093154907227 32
1706866500662 18.007251739501953 32
1706866500702 25.027807235717773 32
1706866500742 21.016944885253906 32
1706866500780 19.450807571411133 32
1706866500819 21.998477935791016 32
1706866500857 21.753284454345703 32
1706866500896 19.237863540649414 32
1706866500919 25.245187759399414 32
1706866501037 18.953704833984375 0
1706866501107 23.002182006835938 3
1706866501176 27.493839263916016 6
1706866501245 15.639092445373535 9
1706866501315 21.36356544494629 12
1706866501385 21.08314323425293 15
1706866501454 22.6076602935791 18
1706866501523 18.818233489990234 21
1706866501593 16.91622543334961 24
1706866501662 16.73282241821289 27
1706866501730 23.093046188354492 30
1706866501802 16.4406795501709 33
1706866501871 19.916179656982422 36
1706866501941 18.116912841796875 39
1706866502010 17.533618927001953 42
1706866502078 20.16903305053711 45
1706866502146 23.740772247314453 48
1706866502216 19.144750595092773 51
1706866502285 21.550607681274414 54
1706866502353 21.24604034423828 57
1706866502421 20.44652557373047 60
1706866502489 20.028385162353516 63
1706866502590 23.35269546508789 66
1706866502660 22.06021499633789 69
1706866502729 16.23058319091797 72
1706866502799 22.03887939453125 75
1706866502869 12.306509017944336 78
1706866502939 18.507568359375 81
1706866503010 18.40482521057129 84
1706866503079 18.504728317260742 87
1706866503149 20.257732391357422 90
1706866503196 21.889636993408203 93
1706866503242 21.525407791137695 64
1706866503281 21.913949966430664 64
1706866503321 20.923490524291992 64
1706866503362 19.257122039794922 64
1706866503402 20.00795555114746 64
1706866503442 18.120389938354492 64
1706866503483 19.483539581298828 64
1706866503523 17.06243133544922 64
1706866503564 20.669925689697266 64
1706866503604 15.811466217041016 64
1706866503645 18.435420989990234 64
1706866503685 17.039539337158203 64
1706866503726 17.858470916748047 64
1706866503766 22.198936462402344 64
1706866503806 18.34265899658203 64
1706866503849 22.797883987426758 64
1706866503889 20.9969539642334 64
1706866503929 22.035663604736328 64
1706866503970 17.258319854736328 64
1706866504010 16.171255111694336 64
1706866504051 23.229116439819336 64
1706866504091 21.485918045043945 64
1706866504131 20.025062561035156 64
1706866504172 18.615034103393555 64
1706866504214 19.639068603515625 64
1706866504254 22.211811065673828 64
1706866504294 20.541522979736328 64
1706866504335 20.995357513427734 64
1706866504376 24.012348175048828 64
1706866504416 22.265796661376953 64
1706866504484 20.780033111572266 64
1706866504509 27.823997497558594 64
1706866504581 14.918279647827148 0
1706866504652 21.8005428314209 4
1706866504723 19.43404197692871 8
1706866504797 24.548507690429688 12
1706866504867 17.186317443847656 16
1706866504937 23.2012939453125 20
1706866505009 18.463050842285156 24
1706866505081 20.5253849029541 28
1706866505152 19.77383804321289 32
1706866505225 19.63713836669922 36
1706866505297 22.142751693725586 40
1706866505369 18.993854522705078 44
1706866505441 18.082733154296875 48
1706866505513 19.520437240600586 52
1706866505643 20.06583595275879 56
1706866505714 23.70490837097168 60
1706866505785 22.466419219970703 64
1706866505857 18.062725067138672 68
1706866505933 20.53160858154297 72
1706866506035 22.126659393310547 76
1706866506128 16.33509635925293 80
1706866506201 18.294761657714844 84
1706866506272 18.912353515625 88
1706866506343 19.80072593688965 92
1706866506415 22.200401306152344 96
1706866506487 16.789283752441406 100
1706866506558 20.910131454467773 104
1706866506630 16.103803634643555 108
1706866506701 19.304195404052734 112
1706866506773 24.35936737060547 116
1706866506845 21.82367706298828 120
1706866506892 21.991493225097656 124
1706866506938 21.71702766418457 96
1706866506977 21.055011749267578 96
1706866507017 22.867572784423828 96
1706866507056 16.300268173217773 96
1706866507095 18.6760311126709 96
1706866507135 21.302562713623047 96
1706866507175 17.944995880126953 96
1706866507214 19.72260284423828 96
1706866507253 19.125450134277344 96
1706866507292 15.671502113342285 96
1706866507332 17.898727416992188 96
1706866507371 16.343666076660156 96
1706866507410 17.022289276123047 96
1706866507450 20.774267196655273 96
1706866507489 15.228778839111328 96
1706866507528 24.319683074951172 96
1706866507567 20.955591201782227 96
1706866507609 25.022775650024414 96
1706866507650 16.95126724243164 96
1706866507719 18.917007446289062 96
1706866507758 24.315528869628906 96
1706866507799 19.232622146606445 96
1706866507839 19.912982940673828 96
1706866507878 17.257383346557617 96
1706866507918 16.88742446899414 96
1706866507957 24.356050491333008 96
1706866507997 18.434921264648438 96
1706866508036 19.944011688232422 96
1706866508075 21.3055362701416 96
1706866508115 22.387357711791992 96
1706866508155 18.212263107299805 96
1706866508179 30.555072784423828 96
1706866508248 15.070475578308105 0
1706866508318 16.929794311523438 5
1706866508389 17.328828811645508 10
1706866508462 15.401138305664062 15
1706866508533 22.110687255859375 20
1706866508605 17.557815551757812 25
1706866508677 15.264461517333984 30
1706866508748 18.21729278564453 35
1706866508820 13.46037483215332 40
1706866508892 23.55805778503418 45
1706866508963 19.946189880371094 50
1706866509034 18.134105682373047 55
1706866509107 16.109994888305664 60
1706866509179 15.253559112548828 65
1706866509251 15.819186210632324 70
1706866509324 27.223224639892578 75
1706866509394 14.65772819519043 80
1706866509466 24.852346420288086 85
1706866509538 25.038883209228516 90
1706866509610 17.012475967407227 95
1706866509686 20.858928680419922 100
1706866509763 18.275930404663086 105
1706866509867 24.149085998535156 110
1706866509961 18.989707946777344 115
1706866510044 22.317424774169922 120
1706866510119 22.96897315979004 125
1706866510227 20.938770294189453 130
1706866510358 19.751483917236328 135
1706866510491 15.942705154418945 140
1706866510564 20.33550262451172 145
1706866510635 19.296606063842773 150
1706866510681 14.403155326843262 155
1706866510728 22.638330459594727 128
1706866510768 22.51225471496582 128
1706866510808 22.633316040039062 128
1706866510848 18.687469482421875 128
1706866510888 18.220632553100586 128
1706866510928 20.313472747802734 128
1706866510967 19.466217041015625 128
1706866511008 18.008777618408203 128
1706866511049 15.00665283203125 128
1706866511090 17.417362213134766 128
1706866511130 19.85312843322754 128
1706866511171 14.533897399902344 128
1706866511212 21.839458465576172 128
1706866511252 21.88845443725586 128
1706866511292 18.213973999023438 128
1706866511332 21.417404174804688 128
1706866511371 21.989093780517578 128
1706866511411 28.175870895385742 128
1706866511451 14.575828552246094 128
1706866511491 16.578996658325195 128
1706866511530 22.630016326904297 128
1706866511570 21.559585571289062 128
1706866511610 18.65841293334961 128
1706866511649 18.780094146728516 128
1706866511689 18.782508850097656 128
1706866511729 22.093265533447266 128
1706866511827 19.96267318725586 128
1706866511867 22.912113189697266 128
1706866511907 23.05878257751465 128
1706866511946 20.590892791748047 128
1706866511986 20.218090057373047 128
1706866512009 35.473594665527344 128
1706866512081 17.788803100585938 0
1706866512156 20.051118850708008 6
1706866512233 18.331607818603516 12
1706866512309 15.859418869018555 18
1706866512383 19.48911476135254 24
1706866512455 17.450618743896484 30
1706866512530 14.072253227233887 36
1706866512601 17.794902801513672 42
1706866512671 13.395666122436523 48
1706866512742 20.162717819213867 54
1706866512814 18.159271240234375 60
1706866512885 16.15762710571289 66
1706866512958 17.966960906982422 72
1706866513030 16.35989761352539 78
1706866513101 20.68348503112793 84
1706866513173 16.197433471679688 90
1706866513244 17.592578887939453 96
1706866513316 21.27321434020996 102
1706866513387 23.794384002685547 108
1706866513460 21.77108383178711 114
1706866513531 15.062259674072266 120
1706866513604 21.727195739746094 126
1706866513677 17.95423126220703 132
1706866513748 19.15511703491211 138
1706866513820 17.170398712158203 144
1706866513893 20.306821823120117 150
1706866513965 19.12900733947754 156
1706866514038 23.307796478271484 162
1706866514111 19.247827529907227 168
1706866514183 17.476879119873047 174
1706866514255 20.90800666809082 180
1706866514302 20.27566146850586 186
1706866514349 21.224365234375 160
1706866514388 20.314163208007812 160
1706866514426 20.202495574951172 160
1706866514466 20.02029800415039 160
1706866514505 20.30438995361328 160
1706866514544 18.967159271240234 160
1706866514584 20.071834564208984 160
1706866514623 15.809968948364258 160
1706866514663 19.930295944213867 160
1706866514702 14.259347915649414 160
1706866514741 18.632984161376953 160
1706866514781 15.640908241271973 160
1706866514820 17.197185516357422 160
1706866514858 20.58419418334961 160
1706866514897 18.39295196533203 160
1706866514937 22.12978744506836 160
1706866514976 19.095542907714844 160
1706866515015 23.18124008178711 160
1706866515054 17.299774169921875 160
1706866515094 15.58505630493164 160
1706866515134 22.45819091796875 160
1706866515173 20.202085494995117 160
1706866515212 16.79138946533203 160
1706866515271 18.554664611816406 160
1706866515310 17.827163696289062 160
1706866515349 23.81881332397461 160
1706866515389 20.295150756835938 160
1706866515428 20.206754684448242 160
1706866515468 20.921707153320312 160
1706866515507 19.817882537841797 160
1706866515545 17.67852020263672 160
1706866515570 25.572864532470703 160
1706866515661 18.245405197143555 0
1706866515730 16.84894561767578 7
1706866515802 17.60665512084961 14
1706866515872 17.443876266479492 21
1706866515943 18.163602828979492 28
1706866516017 21.312650680541992 35
1706866516090 20.525447845458984 42
1706866516163 22.906660079956055 49
1706866516235 14.368818283081055 56
1706866516306 17.93737030029297 63
1706866516378 14.938470840454102 70
1706866516452 20.187253952026367 77
1706866516523 23.58449935913086 84
1706866516620 18.82630729675293 91
1706866516693 20.428024291992188 98
1706866516767 25.171783447265625 105
1706866516841 17.99478530883789 112
1706866516913 15.394720077514648 119
1706866516984 18.17729949951172 126
1706866517055 21.678394317626953 133
1706866517146 20.973175048828125 140
1706866517219 17.29094123840332 147
1706866517290 17.02001953125 154
1706866517360 13.857195854187012 161
1706866517430 19.396133422851562 168
1706866517501 17.67161750793457 175
1706866517573 19.158754348754883 182
1706866517644 17.45573616027832 189
1706866517715 20.887248992919922 196
1706866517786 26.41582489013672 203
1706866517859 18.89496612548828 210
1706866517905 19.934925079345703 217
1706866517950 20.699039459228516 192
1706866517989 19.420024871826172 192
1706866518027 20.246042251586914 192
1706866518067 21.251317977905273 192
1706866518106 20.00364875793457 192
1706866518145 18.41663360595703 192
1706866518184 20.40790557861328 192
1706866518223 14.894981384277344 192
1706866518263 20.750629425048828 192
1706866518302 16.674072265625 192
1706866518341 19.388736724853516 192
1706866518380 18.803421020507812 192
1706866518419 18.065689086914062 192
1706866518457 22.974905014038086 192
1706866518496 19.10485076904297 192
1706866518535 21.169429779052734 192
1706866518575 19.632198333740234 192
1706866518614 21.61541748046875 192
1706866518653 18.13184356689453 192
1706866518693 16.05556869506836 192
1706866518732 23.656192779541016 192
1706866518771 19.790233612060547 192
1706866518810 18.530851364135742 192
1706866518849 19.494552612304688 192
1706866518888 18.367721557617188 192
1706866518927 22.491348266601562 192
1706866518966 21.26272201538086 192
1706866519005 21.61019515991211 192
1706866519043 21.477596282958984 192
1706866519082 20.453411102294922 192
1706866519122 21.143667221069336 192
1706866519146 25.22465705871582 192
1706866519215 17.120309829711914 0
1706866519284 15.042634963989258 8
1706866519356 17.857404708862305 16
1706866519427 15.815494537353516 24
1706866519497 16.04171371459961 32
1706866519568 13.516895294189453 40
1706866519640 17.459720611572266 48
1706866519711 17.00228500366211 56
1706866519783 17.0592041015625 64
1706866519854 16.134796142578125 72
1706866519926 21.965343475341797 80
1706866519997 19.282180786132812 88
1706866520069 18.0963191986084 96
1706866520140 20.382049560546875 104
1706866520212 18.097244262695312 112
1706866520283 19.64809226989746 120
1706866520354 13.68833065032959 128
1706866520425 12.621434211730957 136
1706866520496 19.77859115600586 144
1706866520567 17.38197898864746 152
1706866520638 19.664854049682617 160
1706866520708 22.348106384277344 168
1706866520781 24.269681930541992 176
1706866520851 19.21209716796875 184
1706866520922 19.529165267944336 192
1706866520992 13.847099304199219 200
1706866521064 14.646565437316895 208
1706866521135 15.72408676147461 216
1706866521207 15.554964065551758 224
1706866521278 13.628328323364258 232
1706866521350 15.822308540344238 240
1706866521396 5.442880630493164 248
1706866521441 17.582233428955078 224
1706866521506 14.493093490600586 224
1706866521545 21.31072235107422 224
1706866521584 19.34683609008789 224
1706866521622 24.10724639892578 224
1706866521694 18.983787536621094 224
1706866521732 17.341899871826172 224
1706866521770 16.167978286743164 224
1706866521808 20.481714248657227 224
1706866521846 17.762943267822266 224
1706866521884 15.044248580932617 224
1706866521922 17.423782348632812 224
1706866521960 19.464210510253906 224
1706866521998 20.67452621459961 224
1706866522036 20.812480926513672 224
1706866522074 17.740604400634766 224
1706866522112 21.42296600341797 224
1706866522151 19.09148406982422 224
1706866522189 21.64229393005371 224
1706866522226 17.09341049194336 224
1706866522264 18.73978042602539 224
1706866522302 16.978069305419922 224
1706866522343 16.665491104125977 224
1706866522381 14.664583206176758 224
1706866522419 18.40735626220703 224
1706866522457 22.965084075927734 224
1706866522495 17.114582061767578 224
1706866522533 17.803464889526367 224
1706866522571 22.017147064208984 224
1706866522609 16.622905731201172 224
1706866522648 19.398651123046875 224
1706866522671 24.969585418701172 224
1706866522739 20.017574310302734 0
1706866522808 21.0565185546875 9
1706866522878 15.973072052001953 18
1706866522949 22.621170043945312 27
1706866523020 19.153331756591797 36
1706866523091 22.016704559326172 45
1706866523162 15.716072082519531 54
1706866523233 15.770349502563477 63
1706866523305 14.848377227783203 72
1706866523375 13.390321731567383 81
1706866523448 15.526596069335938 90
1706866523519 18.100297927856445 99
1706866523589 12.174622535705566 108
1706866523659 16.035079956054688 117
1706866523730 16.212669372558594 126
1706866523799 17.10688018798828 135
1706866523869 16.97391128540039 144
1706866523941 16.624618530273438 153
1706866524013 16.814876556396484 162
1706866524084 14.670377731323242 171
1706866524156 16.06348419189453 180
1706866524226 16.368385314941406 189
1706866524298 13.478425025939941 198
1706866524369 14.354052543640137 207
1706866524440 19.317405700683594 216
1706866524512 14.70201301574707 225
1706866524583 15.397878646850586 234
1706866524653 18.237472534179688 243
1706866524725 14.088562965393066 252
1706866524795 15.183061599731445 261
1706866524865 17.08885955810547 270
1706866524914 10.03166389465332 279
1706866524960 28.13288116455078 256
1706866525000 24.175395965576172 256
1706866525039 27.550861358642578 256
1706866525078 32.45746994018555 256
1706866525118 25.449371337890625 256
1706866525158 26.765317916870117 256
1706866525197 27.875823974609375 256
1706866525236 24.69615936279297 256
1706866525276 28.68122673034668 256
1706866525318 27.48094940185547 256
1706866525358 23.105792999267578 256
1706866525397 23.284740447998047 256
1706866525437 22.60149383544922 256
1706866525476 24.780879974365234 256
1706866525516 31.272560119628906 256
1706866525556 19.431385040283203 256
1706866525596 24.59417724609375 256
1706866525635 20.559465408325195 256
1706866525675 29.948440551757812 256
1706866525716 23.968704223632812 256
1706866525755 22.603511810302734 256
1706866525795 26.542625427246094 256
1706866525834 21.44222640991211 256
1706866525874 26.40160369873047 256
1706866525914 23.297605514526367 256
1706866525953 29.37786102294922 256
1706866525993 22.370319366455078 256
1706866526033 24.736848831176758 256
1706866526072 24.444740295410156 256
1706866526111 27.72416114807129 256
1706866526150 29.88998794555664 256
1706866526179 20.592300415039062 256
1706866526295 15.430792808532715 0
1706866526367 17.979633331298828 10
1706866526438 15.132577896118164 20
1706866526511 16.109766006469727 30
1706866526606 13.591285705566406 40
1706866526677 10.016556739807129 50
1706866526750 20.651880264282227 60
1706866526820 14.6704740524292 70
1706866526892 15.646089553833008 80
1706866526963 15.57060718536377 90
1706866527033 17.24224090576172 100
1706866527102 18.07492446899414 110
1706866527172 12.921266555786133 120
1706866527243 15.138336181640625 130
1706866527313 16.412721633911133 140
1706866527384 13.992603302001953 150
1706866527454 15.635863304138184 160
1706866527525 16.102184295654297 170
1706866527596 13.594514846801758 180
1706866527667 13.023276329040527 190
1706866527739 13.927584648132324 200
1706866527810 16.637805938720703 210
1706866527881 14.368572235107422 220
1706866527951 14.526463508605957 230
1706866528021 13.738350868225098 240
1706866528091 13.716784477233887 250
1706866528161 16.589038848876953 260
1706866528233 16.307693481445312 270
1706866528305 16.3797664642334 280
1706866528376 12.806578636169434 290
1706866528446 11.854381561279297 300
1706866528491 13.362424850463867 310
1706866528535 19.288291931152344 288
1706866528574 14.984643936157227 288
1706866528612 17.046289443969727 288
1706866528651 12.302752494812012 288
1706866528689 15.269889831542969 288
1706866528728 14.23404312133789 288
1706866528766 12.691865921020508 288
1706866528804 14.545034408569336 288
1706866528967 15.336151123046875 288
1706866529007 12.513664245605469 288
1706866529048 12.933708190917969 288
1706866529088 14.663710594177246 288
1706866529128 14.36419677734375 288
1706866529180 17.066526412963867 288
1706866529219 14.289636611938477 288
1706866529259 17.62308120727539 288
1706866529298 17.322505950927734 288
1706866529338 17.238582611083984 288
1706866529383 13.605093002319336 288
1706866529423 12.283267974853516 288
1706866529462 20.751102447509766 288
1706866529501 16.414844512939453 288
1706866529540 13.97634506225586 288
1706866529580 13.43349552154541 288
1706866529619 15.360267639160156 288
1706866529659 18.40650177001953 288
1706866529699 15.011621475219727 288
1706866529738 15.953487396240234 288
1706866529778 14.910872459411621 288
1706866529817 15.295679092407227 288
1706866529857 15.67625904083252 288
1706866529881 23.51613426208496 288
