1706866494010 1886.19970703125 0
1706866494099 1565.173828125 1
1706866494186 1743.448974609375 2
1706866494269 1686.8648681640625 3
1706866494341 1587.36962890625 4
1706866494411 1141.3046875 5
1706866494481 1218.887451171875 6
1706866494549 1356.6907958984375 7
1706866494618 1407.4791259765625 8
1706866494687 1394.9215087890625 9
1706866494756 1050.1666259765625 10
1706866494825 1669.4091796875 11
1706866494897 1188.936767578125 12
1706866494966 1127.948974609375 13
1706866495035 1309.8232421875 14
1706866495103 1194.6728515625 15
1706866495176 884.8135375976562 16
1706866495246 1672.9708251953125 17
1706866495316 1185.966796875 18
1706866495387 1401.66552734375 19
1706866495457 1278.7166748046875 20
1706866495526 1885.341552734375 21
1706866495600 1231.869140625 22
1706866495673 1088.095947265625 23
1706866495744 1649.4544677734375 24
1706866495813 1371.51416015625 25
1706866495883 1503.123291015625 26
1706866495952 1427.94384765625 27
1706866496021 579.9088134765625 28
1706866496089 764.26611328125 29
1706866496158 1236.843017578125 30
1706866496286 877.9031982421875 31
1706866497588 1319.326904296875 0
1706866497658 960.9212646484375 2
1706866497727 1033.176025390625 4
1706866497795 458.0640869140625 6
1706866497864 1128.9210205078125 8
1706866497932 811.7088623046875 10
1706866498001 505.8996887207031 12
1706866498070 907.585693359375 14
1706866498138 844.4440307617188 16
1706866498207 1070.4501953125 18
1706866498276 1037.5758056640625 20
1706866498343 452.53155517578125 22
1706866498413 1146.15771484375 24
1706866498482 891.9883422851562 26
1706866498551 1005.4918212890625 28
1706866498619 648.2447509765625 30
1706866498690 1713.2216796875 32
1706866498760 701.2144775390625 34
1706866498830 969.8206787109375 36
1706866498898 1091.614990234375 38
1706866498967 739.801025390625 40
1706866499036 1041.06494140625 42
1706866499104 866.3095092773438 44
1706866499174 795.0947265625 46
1706866499243 1455.303466796875 48
1706866499312 841.2061767578125 50
1706866499382 890.014892578125 52
1706866499451 768.1734008789062 54
1706866499520 875.9298706054688 56
1706866499588 482.39605712890625 58
1706866499658 1109.2987060546875 60
1706866499702 960.04541015625 62
1706866501047 654.19287109375 0
1706866501118 890.6734008789062 3
1706866501187 1129.880615234375 6
1706866501256 365.9526062011719 9
1706866501325 829.0369873046875 12
1706866501396 853.536865234375 15
1706866501465 780.183837890625 18
1706866501533 596.2750244140625 21
1706866501604 524.7754516601562 24
1706866501672 458.6769714355469 27
1706866501741 966.6585693359375 30
1706866501812 522.3961181640625 33
1706866501882 663.1340942382812 36
1706866501951 623.7423706054688 39
1706866502021 565.1451416015625 42
1706866502089 696.3424072265625 45
1706866502157 941.335693359375 48
1706866502226 622.2059326171875 51
1706866502295 781.2977905273438 54
1706866502363 709.29833984375 57
1706866502432 794.4244384765625 60
1706866502502 778.5097045898438 63
1706866502601 808.3377685546875 66
1706866502672 810.8486328125 69
1706866502741 469.6763000488281 72
1706866502810 783.8743896484375 75
1706866502880 268.6739807128906 78
1706866502950 590.589599609375 81
1706866503021 558.4493408203125 84
1706866503090 592.3453369140625 87
1706866503160 668.58056640625 90
1706866503208 896.0469970703125 93
1706866504593 414.53607177734375 0
1706866504664 829.8235473632812 4
1706866504735 647.86572265625 8
1706866504808 896.9150390625 12
1706866504878 508.6688537597656 16
1706866504949 825.7286987304688 20
1706866505021 603.8861694335938 24
1706866505092 707.2677001953125 28
1706866505164 561.6439208984375 32
1706866505237 635.2985229492188 36
1706866505309 698.5360717773438 40
1706866505380 501.8548889160156 44
1706866505453 569.78076171875 48
1706866505526 513.2296752929688 52
1706866505654 590.2833251953125 56
1706866505725 816.7325439453125 60
1706866505797 815.7014770507812 64
1706866505872 517.7101440429688 68
1706866505947 608.81591796875 72
1706866506049 671.5765380859375 76
1706866506141 490.45050048828125 80
1706866506213 507.319091796875 84
1706866506284 564.4622192382812 88
1706866506355 613.7299194335938 92
1706866506427 799.353515625 96
1706866506499 496.5791931152344 100
1706866506570 636.2603149414062 104
1706866506641 471.07208251953125 108
1706866506712 573.2789306640625 112
1706866506785 888.0656127929688 116
1706866506857 696.7869873046875 120
1706866506903 625.02490234375 124
1706866508259 326.81982421875 0
1706866508330 508.889404296875 5
1706866508401 518.4226684570312 10
1706866508473 326.2133483886719 15
1706866508545 776.2242431640625 20
1706866508617 587.5968017578125 25
1706866508689 510.4967041015625 30
1706866508759 556.1875 35
1706866508832 375.28118896484375 40
1706866508903 818.8334350585938 45
1706866508975 660.19775390625 50
1706866509046 578.33837890625 55
1706866509119 523.9326171875 60
1706866509191 394.668701171875 65
1706866509263 411.76129150390625 70
1706866509336 1061.2618408203125 75
1706866509406 420.62628173828125 80
1706866509478 1132.10791015625 85
1706866509550 925.4583740234375 90
1706866509624 473.17498779296875 95
1706866509700 741.1668701171875 100
1706866509776 607.54345703125 105
1706866509881 944.8077392578125 110
1706866509973 509.33978271484375 115
1706866510055 696.6648559570312 120
1706866510131 870.181396484375 125
1706866510239 685.7537841796875 130
1706866510371 619.9318237304688 135
1706866510502 378.239990234375 140
1706866510575 617.0455932617188 145
1706866510647 596.4558715820312 150
1706866510693 426.41796875 155
1706866512093 656.5751953125 0
1706866512167 705.238037109375 6
1706866512245 595.8580322265625 12
1706866512321 415.1835632324219 18
1706866512394 615.220703125 24
1706866512467 537.4019775390625 30
1706866512541 334.39208984375 36
1706866512612 555.0216674804688 42
1706866512683 274.9952392578125 48
1706866512753 574.9755859375 54
1706866512825 534.387939453125 60
1706866512897 442.641845703125 66
1706866512970 593.47412109375 72
1706866513041 422.4311828613281 78
1706866513112 661.822998046875 84
1706866513184 547.238525390625 90
1706866513255 520.6135864257812 96
1706866513328 761.4925537109375 102
1706866513399 1026.626708984375 108
1706866513472 830.4954223632812 114
1706866513542 384.56195068359375 120
1706866513615 653.290283203125 126
1706866513688 517.749755859375 132
1706866513760 708.842529296875 138
1706866513832 531.9846801757812 144
1706866513904 763.7543334960938 150
1706866513976 589.7240600585938 156
1706866514049 909.4735717773438 162
1706866514122 613.9871215820312 168
1706866514194 470.0260009765625 174
1706866514267 719.5169677734375 180
1706866514313 590.91259765625 186
1706866515673 588.5987548828125 0
1706866515742 477.61566162109375 7
1706866515813 476.24481201171875 14
1706866515884 444.7419738769531 21
1706866515954 511.5014343261719 28
1706866516028 778.4962158203125 35
1706866516102 561.9697875976562 42
1706866516175 799.1948852539062 49
1706866516246 383.47796630859375 56
1706866516318 500.3647766113281 63
1706866516390 383.8956604003906 70
1706866516463 773.316650390625 77
1706866516534 856.3043823242188 84
1706866516632 550.77587890625 91
1706866516704 625.0382080078125 98
1706866516779 946.0936279296875 105
1706866516853 570.589599609375 112
1706866516924 442.2543029785156 119
1706866516996 618.3857421875 126
1706866517067 723.4714965820312 133
1706866517158 597.2039794921875 140
1706866517230 489.2857360839844 147
1706866517302 449.2550048828125 154
1706866517372 299.2310485839844 161
1706866517442 586.0255126953125 168
1706866517513 512.977294921875 175
1706866517584 563.4031982421875 182
1706866517655 488.2710876464844 189
1706866517727 693.851806640625 196
1706866517797 1013.1221313476562 203
1706866517870 575.7304077148438 210
1706866517916 858.1591186523438 217
1706866519226 553.8629150390625 0
1706866519296 377.5025634765625 8
1706866519367 522.965087890625 16
1706866519438 394.80419921875 24
1706866519509 417.6561279296875 32
1706866519580 336.8137512207031 40
1706866519652 574.7872924804688 48
1706866519722 451.9303283691406 56
1706866519795 539.4421997070312 64
1706866519865 517.893798828125 72
1706866519938 751.5174560546875 80
1706866520009 652.9609375 88
1706866520080 550.35107421875 96
1706866520152 757.6265258789062 104
1706866520223 721.4881591796875 112
1706866520294 705.8179931640625 120
1706866520366 291.279296875 128
1706866520437 270.5404052734375 136
1706866520507 656.17724609375 144
1706866520578 440.10693359375 152
1706866520650 599.786376953125 160
1706866520720 791.3056640625 168
1706866520793 875.6332397460938 176
1706866520862 531.9229736328125 184
1706866520933 521.7282104492188 192
1706866521003 372.5682678222656 200
1706866521075 313.3389892578125 208
1706866521146 401.3737487792969 216
1706866521219 364.8675231933594 224
1706866521289 332.6252136230469 232
1706866521361 418.6871643066406 240
1706866521407 53.841651916503906 248
1706866522751 723.6171875 0
1706866522819 838.6148681640625 9
1706866522889 528.6941528320312 18
1706866522960 867.7207641601562 27
1706866523031 549.845947265625 36
1706866523102 761.6600952148438 45
1706866523173 459.26751708984375 54
1706866523245 434.17742919921875 63
1706866523316 391.149169921875 72
1706866523387 418.2167053222656 81
1706866523459 366.9075012207031 90
1706866523530 490.9168395996094 99
1706866523600 230.56781005859375 108
1706866523670 392.54302978515625 117
1706866523741 393.976318359375 126
1706866523811 483.98040771484375 135
1706866523880 463.5645446777344 144
1706866523952 545.887451171875 153
1706866524024 517.2554931640625 162
1706866524095 422.1700439453125 171
1706866524167 559.867919921875 180
1706866524237 450.0420837402344 189
1706866524309 294.32330322265625 198
1706866524380 335.4897766113281 207
1706866524451 568.608642578125 216
1706866524523 346.7589111328125 225
1706866524594 485.805419921875 234
1706866524664 527.5789794921875 243
1706866524736 371.49755859375 252
1706866524806 420.424560546875 261
1706866524877 471.7710876464844 270
1706866524925 194.4021453857422 279
1706866526307 433.4336242675781 0
1706866526378 547.6130981445312 10
1706866526449 344.4546203613281 20
1706866526522 428.79766845703125 30
1706866526618 352.6935119628906 40
1706866526690 169.557373046875 50
1706866526762 747.2552490234375 60
1706866526832 350.9614562988281 70
1706866526903 456.8454284667969 80
1706866526974 451.0157775878906 90
1706866527044 539.747314453125 100
1706866527114 543.0439453125 110
1706866527183 348.3409729003906 120
1706866527254 481.2453918457031 130
1706866527324 498.3028564453125 140
1706866527395 313.9798278808594 150
1706866527465 417.6398620605469 160
1706866527536 386.93621826171875 170
1706866527608 271.25750732421875 180
1706866527678 339.93731689453125 190
1706866527750 380.78997802734375 200
1706866527821 557.3165283203125 210
1706866527892 314.9359130859375 220
1706866527963 385.8296203613281 230
1706866528032 340.08197021484375 240
1706866528102 347.3060302734375 250
1706866528172 491.5240173339844 260
1706866528244 532.4757690429688 270
1706866528316 514.8756103515625 280
1706866528387 297.0362548828125 290
1706866528457 294.2401123046875 300
1706866528502 318.6006774902344 310
